0.005376671395461
1.00866551224373
-0.422755560407239
1.05238848427579
-0.677356798692971
0.673379419452909
0.161977180832276
1.16528257588135
-0.852443720064068
0.332260358537072
0.589711159783522
0.612815154798604
0.651153968403886
0.590242459644202
0.707605564887594
0.476084848249413
0.894962173640545
0.021485245328451
1.26784239001861
-1.24394848270081
-0.786018241653512
-0.238139091507152
0.684800209838554
0.272026414194956
1.10184234492389
-0.618071250035854
0.795735805307932
-0.0718950355994453
1.231484286991
-1.14474347942784
-0.465167401072296
0.353643960743151
0.685360108320167
0.448487318915662
0.924010807176628
-0.0607681648161852
1.27203336435581
-1.28352688149296
-0.924807748414324
-0.582435184585928
0.247634633534601
0.739417368208079
0.308857127889514
1.088275394835
-0.565423530637732
0.878897341852127
-0.251071811711947
1.17541732606479
-1.00956979009221
-0.07429842767412
0.689400704075552
0.31232780860595
1.07025208718263
-0.50991699958451
0.957054141103413
-0.435308780479822
1.02182501422306
-0.592369537712692
0.815285167372991
-0.108276727107576
1.22817216072552
-1.14425261706593
-0.464588024109479
0.35454536987589
0.684640205746552
0.450138515108213
0.921717505826608
-0.0543468702336478
1.27238023652211
-1.28283611387899
-0.922221822144364
-0.575541159098676
0.259586777213385
0.732998239404753
0.325675046605361
1.07140954144746
-0.509383253724913
0.958163043588707
-0.438121961456319
1.01871771872215
-0.584336695050733
0.827586193160705
-0.134159478469539
1.22307758601971
-1.13453413753417
-0.435111517116643
0.394588913481185
0.651485969965841
0.52416911735709
0.810791221962477
0.236915367351159
1.16465691878675
-0.827921423663653
0.389761638370277
0.538943784257789
0.710283927884935
0.455378573781025
0.922767674723104
-0.0554866819851313
1.27252002178812
-1.28367609278785
-0.925198029136667
-0.583490778202077
0.245794507713388
0.740371850508483
0.306327684478518
1.09074024476339
-0.573701688821532
0.866434994569667
-0.223103946387374
1.19024497911983
-1.05028753836417
-0.187271984804338
0.635814623681171
0.377854074597138
0.990861204738828
-0.261172075499933
1.20176316719233
-1.10028021667817
-0.334334227141011
0.513424809383381
0.530652683011191
0.759798264833248
0.350985040362296
1.0554727814686
-0.454336397280807
1.02765164778884
-0.614795992068596
0.779131737727598
-0.0343035682487762
1.23209209260584
-1.13556236500121
-0.435675010948249
0.393593489268977
0.652415328002626
0.52217398248281
0.813992663226047
0.229034516644677
1.17075826522729
-0.850234526843812
0.339169228675938
0.583879569993973
0.624469275443896
0.629217244635398
0.633060705307981
0.627692974143565
0.638320353887522
0.617873868381142
0.65702074204667
0.581015402842964
0.724495764936921
0.439452862076741
0.946982384298662
-0.123650032017747
1.26268965270441
-1.26923423227083
-0.876530855104049
-0.456399145610459
0.445420491309246
0.585321076607424
0.65398507958355
0.576821244937165
0.730383675819859
0.426201934015368
0.964807778764141
-0.175335089744704
1.24640298245515
-1.22752907946573
-0.735637802571016
-0.125886891039836
0.75712214615875
0.159706410802406
1.19142805113568
-0.939389198205439
0.121995523353625
0.697347169732714
0.355788351818171
1.03198465911453
-0.384252765761367
1.10288513454099
-0.81817369771652
0.393694060873126
0.537554871691563
0.713556882150873
0.448437667816645
0.932532185961698
-0.0829314886513098
1.27013097125462
-1.28340520439167
-0.924941194747096
-0.582744260553761
0.247090419084181
0.739701576549397
0.308105334435726
1.08901001701397
-0.56788834368875
0.875206965847618
-0.242748629402095
1.18006443384705
-1.02239748406369
-0.109395931433566
0.676526297040987
0.326418257746744
1.05378945852571
-0.456735634735845
1.02408642150513
-0.605274888616423
0.794325159346067
-0.064915908863144
1.23239784249088
-1.14580099170559
-0.468284524883662
0.349253147744599
0.688745776841587
0.44065690115941
0.934773826697296
-0.0911258795618059
1.26880665171291
-1.28115621107184
-0.917263736521262
-0.562268730593279
0.282216303479452
0.719814922092567
0.359277960149855
1.03523156291855
-0.392602756362948
1.09477777485027
-0.795734553737428
0.441962460438694
0.487816490866937
0.799437837865183
0.2516037480053
1.15120512694511
-0.779901417625014
0.493816828384626
0.424632490718305
0.895707195472304
0.00418181518628685
1.26868767603214
-1.25214124248627
-0.814394464779451
-0.304176054714653
0.626149359399685
0.359858955198314
1.00654695312891
-0.310433789834846
1.16704729291896
-0.999929274423711
-0.049687787513654
0.696564790953684
0.305810152551015
1.07804164812152
-0.535300267353084
0.92224756771686
-0.351346886829454
1.10385178147641
-0.811288323704935
0.409691292590974
0.521627765573711
0.741973651632901
0.385753470067667
1.01426405995293
-0.324498175616768
1.15686052561582
-0.971006238704394
0.0270637958407503
0.707672699725248
0.306998228841236
1.08035473240126
-0.541933418298136
0.912937857904754
-0.32941777084345
1.12195886252497
-0.861133696130694
0.298415919101098
0.616987006078658
0.556582623792461
0.751398197872817
0.376535834664614
1.02692853066064
-0.363454339519355
1.12313987951656
-0.875056766400467
0.264927881662429
0.639221474604861
0.50743263346431
0.831283413875124
0.184784830181861
1.20158141731106
-0.965881614343607
0.0543762150955017
0.706096033821561
0.318312611958696
1.06997672364171
-0.507296481201469
0.960703409317365
-0.444320401304052
1.01182215617422
-0.566593826406278
0.854106657081875
-0.19127560226209
1.20501109869555
-1.09025512784986
-0.302615411715406
0.544716939274284
0.493812214980096
0.822024376653317
0.202129958356844
1.18940818490452
-0.919929574937957
0.172043863487613
0.682582400169371
0.399326932816913
0.981527921068662
-0.228957803927244
1.22106802994974
-1.15609732844964
-0.50486503700283
0.296326613642091
0.725607242165526
0.351789766256343
1.04442371714989
-0.421612331446363
1.06446737390627
-0.712810805589196
0.608001269781276
0.268624996645339
1.08137723658259
-0.556539919925
0.890781815516602
-0.277851115974575
1.15915280494734
-0.964444650096564
0.0455309651443644
0.707764308669263
0.312356846266798
1.07573577342714
-0.52638338204321
0.934809481180396
-0.381331287159629
1.07686387356057
-0.73788950919972
0.560785863166366
0.338360049181939
1.00795322691454
-0.320849575951839
1.1582637375305
-0.974459712734919
0.0180786968183592
0.707204511189414
0.305230100140187
1.0817297737126
-0.546625994628782
0.906198962908313
-0.313662982915176
1.13412143528075
-0.894822896823125
0.219245207233723
0.664257285700121
0.448040723922148
0.918240499300281
-0.0460196432006758
1.27250721920564
-1.28079036506286
-0.914841377171305
-0.555945753057425
0.292841634368986
0.713157562134914
0.375821298508396
1.01620896086292
-0.333006523440821
1.14961200574308
-0.950152826280318
0.080977051119058
0.705773956184791
0.326929487215494
1.06209614140006
-0.481188652842997
0.994469314945215
-0.528913501567546
0.906691505486945
-0.30959933104132
1.13781500755236
-0.905351987288316
0.193817393024042
0.675803149239415
0.418751362776538
0.957247159413733
-0.157225565054964
1.25256631819453
-1.24365900358204
-0.789592908608571
-0.245937446929532
0.678442808494326
0.281820263764404
1.09234111705276
-0.585946683276391
0.847035413216185
-0.180240592722156
1.20862928419409
-1.09917082307277
-0.328858312354017
0.518841847632105
0.524466898297779
0.770560815915501
0.326070510055227
1.0823174762359
-0.542154414095352
0.913191270658468
-0.330131939758163
1.12137544448966
-0.859515624433579
0.302138681243274
0.614342416885132
0.562258357115011
0.7417144808616
0.398480987566793
1.00021240782539
-0.281050508804973
1.18947857844827
-1.06511815666373
-0.231423789182167
0.605484794721675
0.417316291950541
0.937831395878214
-0.106143930347669
1.26557627123395
-1.27419979673891
-0.893346289443091
-0.499554569028108
0.38261943875547
0.645176940412596
0.53203123341042
0.797272955469881
0.269707538289975
1.13734286794635
-0.730056057488811
0.595028274477357
0.285301076354856
1.06455309650627
-0.500992290487071
0.967975343773407
-0.462064459760664
0.991487612168542
-0.514886097045348
0.926295513547735
-0.355698558899731
1.10075860333964
-0.803046871626638
0.427389591760829
0.503359330108326
0.773498016238305
0.313388945458067
1.09455172128205
-0.583244175148663
0.852122241401832
-0.191530492552954
1.20427917101194
-1.08786279819238
-0.295539903463751
0.551359792187178
0.485741360343912
0.835085400847897
0.169407730710163
1.21034704934026
-1.00009365257228
-0.0371581246794286
0.698038887506748
0.30669095873585
1.07772858441358
-0.534091174706194
0.923963839265416
-0.35542019918998
1.10033622659048
-0.801661795923326
0.430374578916928
0.50019027177391
0.778845942506917
0.30081567850889
1.10696768134061
-0.625283722992968
0.784718676466256
-0.0496818785708248
1.23195999825822
-1.139720175803
-0.448958911307921
0.375894201599188
0.667497295493376
0.488994565192397
0.865487229945231
0.0980029662801434
1.24619975502398
-1.14481847130651
-0.460993138635222
0.359033915191792
0.681234565248307
0.457997428512867
0.910704067240334
-0.0237354287694616
1.27242250136168
-1.27380325939097
-0.88987789068056
-0.490776702268206
0.395830152710874
0.633412875606379
0.557052426435744
0.755593494564784
0.367825587290653
1.03726412063744
-0.395935922159258
1.09170787995269
-0.787337309858886
0.459652308691647
0.468006464202548
0.831253621857974
0.173026321867964
1.20746273527457
-0.989244863347067
-0.00780873893960848
0.703141174030522
0.305486863454288
1.08029123896876
-0.542194766353441
0.912522141165141
-0.32843375126929
1.1227404217876
-0.863294601982895
0.293433528798352
0.620467089252857
0.549058886255228
0.764088201969694
0.347354573331577
1.0603091811308
-0.469751411426904
1.00915981038664
-0.566690355487522
0.85315480051239
-0.189029465738527
1.20592144566937
-1.09265398609697
-0.309673392966234
0.537947149735201
0.501955991838612
0.808640400080802
0.235127782251609
1.16519301644306
-0.830206337119252
0.384618317862765
0.543834348254408
0.701327377681013
0.474546177517425
0.895126508869345
0.0206117996223568
1.26794316786366
-1.24456828781829
-0.788147361901027
-0.243017256045655
0.680875449999349
0.278066893409761
1.09601295890503
-0.598322100499924
0.82761881734621
-0.138430699705733
1.22145736313444
-1.13027053584918
-0.42207886895199
0.411508038983137
0.636301926707557
0.556620212990491
0.757134091898855
0.364433217535442
1.04120402950913
-0.408418198231831
1.07883361434703
-0.751960213892654
0.532028255715629
0.378136245000464
0.959426649018418
-0.175258419285254
1.24482627576301
-1.22200696534759
-0.717173549972345
-0.0866751506961886
0.774330320560807
0.134575031315421
1.20694448149328
-0.999028464575278
-0.0351976777963105
0.698557033496263
0.306265995995169
1.0782487056248
-0.53578858085563
0.921577446962034
-0.349763561305373
1.10520486574479
-0.814997981763942
0.401651065332418
0.529647595875085
0.727758113456965
0.417409658379108
0.974404281965661
-0.204026289084488
1.23404386729708
-1.19321785970428
-0.623063244815045
0.0985437122334817
0.799485818046429
0.13471451110973
1.21443854610898
-1.0243910218525
-0.104796188080112
0.67730755599368
0.326317408007382
1.05411599572198
-0.457729523009518
1.02291195598827
-0.602207274488093
0.799158544771551
-0.0747783139003644
1.23191904870977
-1.14710785377369
-0.472623284852069
0.343145766729789
0.693364390429975
0.429887880936074
0.949284290883001
-0.132630566603316
1.26015807318838
-1.26298688717157
-0.855142806077769
-0.402672972452657
0.516453426335268
0.505784310061389
0.796791152274595
0.26290869653811
1.14226796988086
-0.747813952060613
0.559764401309141
0.336985155419643
1.00894672743026
-0.324067351683233
1.1556565104313
-0.96697896364812
0.0376293105362012
0.707923959889562
0.309669926980855
1.07812353882001
-0.534389532846637
0.923636019703538
-0.354661755505302
1.10099186076572
-0.80345483511289
0.426542017336921
0.504250219890742
0.771987007237269
0.316925550886805
1.09097757544431
-0.571247232905255
0.870440511090619
-0.232107526558353
1.18570868788813
-1.03789938751427
-0.152416587677048
0.656107041066958
0.351607994624191
1.02375265768298
-0.361814907370906
1.12385175923075
-0.876804359627747
0.260855288682113
0.641695017824876
0.501775092342859
0.840018964733505
0.162647922146128
1.21496960421022
-1.01781721817279
-0.0858417641895197
0.684338502677327
0.318600609997839
1.0631926626358
-0.486949910036305
0.986989497952629
-0.509892549707187
0.932110272240134
-0.369329148373962
1.08866745389795
-0.77007429975949
0.496380038159289
0.424027310875929
0.897195186931647
0.000265308428141153
1.26915845753551
-1.25498887393903
-0.8242483659344
-0.327636178425448
0.602441838641155
0.393598509948896
0.963844849744759
-0.182516099146628
1.24251647789665
-1.21614090672655
-0.697843243650138
-0.0466215418093683
0.787604031480003
0.117565382892215
1.21693094248757
-1.0380196714295
-0.143399490838169
0.659805319009447
0.347499870158129
1.02888297203895
-0.377790277164948
1.10884920068317
-0.834702252947471
0.357235768699134
0.570924971902473
0.650833277651165
0.578259954153319
0.727111578886991
0.43331023883385
0.955272605356551
-0.147570979112414
1.25609371018029
-1.25315126599001
-0.821715220579206
-0.321247645021148
0.609005364621952
0.384383158700013
0.975851031617506
-0.217884382662528
1.22629226359373
-1.17067511684852
-0.550784641813502
0.224088254624765
0.764462843250867
0.249061662191751
1.14249445677206
-0.752692518599298
0.549583898454121
0.35133279840417
0.99206654020793
-0.272474588758933
1.19368059993529
-1.0765651011543
-0.264485203852129
0.579097077374326
0.45115964381148
0.888766089326556
0.0294806669918961
1.26541307318117
-1.23293414399135
-0.748553322833213
-0.154345151171907
0.742082607183646
0.18273522041016
1.1758757570654
-0.880936748352745
0.26629335068199
0.636441967429759
0.512806276136391
0.822774202646107
0.206101538885006
1.18736327873076
-0.911933716284054
0.191936639565324
0.674844342064103
0.420000151447292
0.955493124517183
-0.152153909965266
1.25423680011035
-1.24800010404105
-0.804234923527948
-0.279911368323119
0.649038999178486
0.326274318066609
1.04567479687178
-0.432927797718
1.05130536980979
-0.677218512142671
0.673316732478712
0.162136855227066
1.16519131599152
-0.852098067438757
0.333057831651445
0.589072052854265
0.61410911265992
0.648739612703544
0.595024414670933
0.698946208134782
0.494571201788895
0.867242919345958
0.095416966918688
1.24742671919744
-1.14987769759916
-0.476878191451091
0.336658757445924
0.698261776013626
0.418400316255393
0.96439617830443
-0.176563889342848
1.24567412366351
-1.22535479811364
-0.7283898966651
-0.110379017623404
0.764426092456359
0.148800143553642
1.19832975192669
-0.965751829027661
0.0537516921996244
0.706229509111649
0.317861340303774
1.0704186884099
-0.508756233804901
0.958759538913483
-0.439534664982103
1.01716085126474
-0.580323075778496
0.833663434186004
-0.147089532831871
1.21980956731962
-1.12723639258384
-0.412983768475727
0.423051251990668
0.625543562922061
0.579088726838683
0.718181813904313
0.45162745309956
0.92990024522082
-0.0751120165565695
1.27107153252257
-1.28440558207197
-0.928255319203916
-0.591642787304099
0.231465741362276
0.747500218614627
0.287180514848202
1.10878835823252
-0.635022118238288
0.768082180557177
-0.0164369659967415
1.2300464107755
-1.1231509315254
-0.397041297748277
0.442356211577689
0.606936985585605
0.616985357212869
0.649141792254554
0.595156514131824
0.698846750837405
0.494805460621151
0.866888603846508
0.0963474461158175
1.2470706186317
-1.14835494516147
-0.472085526518021
0.343482874364642
0.693201663070079
0.430304898353021
0.948733271155779
-0.131041278211215
1.26057943811341
-1.26399711117542
-0.858590344449715
-0.41124746476782
0.505648628475943
0.518673010898211
0.77506421941488
0.314587541365387
1.09396781616922
-0.58109555353005
0.855449485585412
-0.198840017402699
1.20128255214664
-1.07996368334952
-0.272465414651408
0.572078531941516
0.460076990212874
0.875284387889783
0.0654512335068323
1.25658790681234
-1.19098306451378
-0.608840551898402
0.123743535955533
0.79591038666339
0.150260379748527
1.20716366158798
-0.995063634277329
-0.0240631922892961
0.700670257604389
0.30546670846525
1.07956720330848
-0.54001147250345
0.915612814383064
-0.335688997958499
1.11692189962439
-0.847227041192313
0.330165446828841
0.593218976450742
0.606377378418879
0.663194757853809
0.566155011942983
0.75021433078872
0.381896344613821
1.02088155399546
-0.344509902819309
1.14010256380184
-0.923120369228333
0.149019066622597
0.691974534127602
0.374345461753222
1.01140402560895
-0.319809705699231
1.16023166067949
-0.980535420730079
0.0020399023750079
0.705833548098597
0.303130574042466
1.08310666154254
-0.55142888417621
0.899228658437413
-0.297485717470073
1.14587174459307
-0.927476592320482
0.139463562354541
0.694526902989389
0.366524402139918
1.02028187858718
-0.347407835840772
1.13711547741116
-0.914466603307442
0.170385807232836
0.685016166378828
0.394169734689366
0.987987158270529
-0.248315154463656
1.21007156517033
-1.12447701630636
-0.407206514730664
0.430512891213359
0.618360156279561
0.593836871340292
0.691808925215351
0.508111636791421
0.846094267944605
0.150207776689223
1.22224095373429
-1.04635979557268
-0.166144064386966
0.647446671144768
0.363294711916892
1.00945773455394
-0.31761847141602
1.16160322962767
-0.984336429738825
-0.00800452078706604
0.70460936978411
0.302534534181296
1.08324480881402
-0.552026681897147
0.898346602107283
-0.295445269093924
1.14730091079021
-0.931452712588243
0.129544455133868
0.697069714025224
0.35859467584447
1.02909471604597
-0.375071905677879
1.11177790661342
-0.842991730790569
0.338644290530234
0.586550543050613
0.619935131784914
0.637917768245534
0.616265828874766
0.659678329899478
0.57563405014788
0.734007115404331
0.418417191394503
0.97510001014505
-0.205622884280475
1.23333692428776
-1.19125482162039
-0.616722192761018
0.110138785252343
0.798000569348088
0.141514763423881
1.21136317123074
-1.01190659663272
-0.0701279930631117
0.689542911434701
0.313304404687286
1.06943936343537
-0.507189451484895
0.960694213454044
-0.444263555915187
1.01189011407604
-0.566769310925316
0.853848601693352
-0.190711201736765
1.20523551305297
-1.09084305921471
-0.304343357855793
0.54307225097627
0.495798534950656
0.818779013129978
0.210180859206256
1.18378731293164
-0.898839105399205
0.224059761526711
0.660064380950669
0.457258946658307
0.905299272266511
-0.0102157973152907
1.27144367415925
-1.26626136237799
-0.863351870744146
-0.423405442517782
0.490013402521607
0.536819978733543
0.743558055362008
0.387015979248839
1.01337350113709
-0.321591400154926
1.15922261022608
-0.977793304129585
0.00925513922691157
0.706542088118171
0.303894130572734
1.08267032680027
-0.549876811975507
0.901490786352396
-0.302722936622217
1.14214958900567
-0.917124838118808
0.16507972052947
0.686710708782234
0.389323679580163
0.993811114160098
-0.26592763900534
1.19913882138629
-1.09288576983959
-0.312417381869145
0.535487800356563
0.504828727376263
0.803853478528897
0.246796037292668
1.15588444592596
-0.796457582079185
0.458682781705796
0.46651687344953
0.832911644013364
0.168716532608597
1.21002211747835
-0.999199974918942
-0.0347541905857141
0.698549012255742
0.306414731291424
1.07811872110337
-0.535351548123561
0.922193824221399
-0.351223493641993
1.1039570277859
-0.81157661496962
0.409067865584003
0.522255889394281
0.740868660065385
0.388235846764374
1.01124269622162
-0.315185752896902
1.16429392650563
-0.992368212086114
-0.0294243577509001
0.701077426413492
0.303059311717539
1.08174030293786
-0.547309122684855
0.905155904797665
-0.311222833591569
1.13594325843103
-0.899880771002333
0.207083414701654
0.669998811797004
0.43366725347734
0.93770544210509
-0.100907918571702
1.26705626138886
-1.27787657290613
-0.906039071398574
-0.532632490332945
0.331011960918843
0.686813767320244
0.438905176902776
0.936351274159193
-0.0957836389965286
1.26806107454857
-1.27990553599836
-0.913003131146359
-0.550976265275784
0.301094277799941
0.70778625064385
0.388982356099312
1.00050569249395
-0.284721590168135
1.18665877027717
-1.05683912895644
-0.207674891207628
0.622567856699727
0.395070501963743
0.968257374879281
-0.194010131022239
1.23778130914881
-1.20314663629607
-0.655252167058139
0.0379584457030362
0.801407168842292
0.112232703330366
1.22278749907711
-1.05962316405984
-0.20508550001393
0.623228963539699
0.394694272603147
0.968871692705891
-0.195789017916545
1.23699483246035
-1.20095540712202
-0.648112996115769
0.0516427398355699
0.801832339556455
0.115383680888662
1.22191095052535
-1.05567781515268
-0.193664624010153
0.630788274224004
0.384849227139058
0.981883983585858
-0.234279851969691
1.21772332642124
-1.14627409518549
-0.474205023884253
0.341299204896463
0.694659286666583
0.426817627095963
0.953355184480215
-0.144395262756637
1.25681656667488
-1.25474161400281
-0.827082155072053
-0.334113331934926
0.595590947471062
0.403145993026253
0.951139915870945
-0.145590197480308
1.25566686691799
-1.25105605218998
-0.814497683934244
-0.30408588364494
0.626195180334753
0.359805669482254
1.00661438639222
-0.310639831203833
1.16688836929518
-0.999471802316068
-0.0484549262863474
0.696871427471198
0.305581821118052
1.0783290790844
-0.53623649758321
0.92092930984889
-0.348226060509217
1.10651284804979
-0.818586774211727
0.393835824734832
0.53727464815409
0.714021080851708
0.447425848985329
0.933940477779173
-0.0869149877525464
1.26960624219932
-1.28273451064982
-0.922689082077054
-0.576717552252821
0.257548886269804
0.73412073397781
0.322758113002375
1.07439430088095
-0.519224925370934
0.944885957887252
-0.405700740388794
1.05303546031335
-0.674147375064937
0.679646081464283
0.151069473010862
1.17194304449319
-0.877509857447106
0.273549943464382
0.631985642568755
0.522896789661055
0.806806219077654
0.245558251698985
1.15762346875485
-0.802461458067118
0.445764892269969
0.481072687727225
0.809726164453056
0.226402760358368
1.17115635547887
-0.852329264462467
0.334295661560881
0.587846195587463
0.61650028893495
0.644252209916612
0.603864812705071
0.68276186614232
0.52853017161012
0.813746760619584
0.231501744896622
1.16909374713962
-0.844041741972362
0.353359077073452
0.571979785118009
0.647982498704935
0.583760089456356
0.717308570752551
0.454783806891812
0.925632935810353
-0.0630797225321058
1.27211920879049
-1.28452611068286
-0.928374497999307
-0.591988725154509
0.230856739606123
0.74779061454345
0.286389897402857
1.10951034169485
-0.637501508438089
0.76388165994328
-0.00817171908820782
1.22907101019298
-1.11731328306199
-0.379023258451566
0.463683932455264
0.585289117560481
0.659516488147961
0.566639937873516
0.748341799573765
0.385970352777033
1.01594018136017
-0.329197127109881
1.15306300651169
-0.960135153913061
0.0553155826619881
0.707675714666752
0.315467790817858
1.07297481653913
-0.517144602452682
0.947478489177418
-0.411945063171297
1.04666531765354
-0.657295121001689
0.709147968766387
0.0987642854518032
1.19908825291679
-0.983308407960711
0.00607288064231865
0.704955845780773
0.306074021892017
1.08033292410621
-0.542144711103433
0.91261063434347
-0.328644851214537
1.12257277678129
-0.862830950202986
0.294503684954923
0.619725326306264
0.550667833394909
0.761388510061699
0.353602901462909
1.05336753632633
-0.447335562781801
1.03585751287686
-0.636401770611358
0.743747154770879
0.0346557064949028
1.22144272124154
-1.07829453783504
-0.261373938082368
0.580868768937329
0.449215881157814
0.891747759643051
0.0214650707875827
1.26687927892343
-1.24053682907551
-0.774440490332766
-0.211822351016249
0.704851661154099
0.240911084770755
1.13020208727464
-0.716026135880704
0.621289828012439
0.244790688687372
1.10249547462848
-0.628257573600572
0.778158032087474
-0.036219164143322
1.2316108506345
-1.1344771516039
-0.432370515325481
0.397934886986878
0.648595801408593
0.530433347049267
0.800675390495935
0.261616490790636
1.14438215359373
-0.754969771612165
0.545343547610744
0.35714964962741
0.985024843162649
-0.251238623418419
1.20713826869274
-1.11542750666503
-0.379708451067142
0.463521837063959
0.585293973870652
0.659459900930169
0.566745886852436
0.748156709909235
0.386389918440635
1.01543097627119
-0.327623119067284
1.15435762147503
-0.963845061280668
0.0457110634253194
0.707921179768537
0.312099963556769
1.07600741177757
-0.527278741213341
0.933570204223536
-0.378358279063566
1.07965407899674
-0.74542158613109
0.545981546200757
0.359039335852197
0.983321521295366
-0.245977899184027
1.21028927874683
-1.12451356330453
-0.407256272054145
0.430445191430226
0.618426830428192
0.593701114998225
0.692054629598268
0.507594880011713
0.846902801779733
0.148136366076207
1.22334870439795
-1.05077396375014
-0.178771680733864
0.640024771509583
0.372884104375588
0.997347854038496
-0.280718607424595
1.18888024503538
-1.06302631407693
-0.225370848677362
0.609983278569945
0.411477305207877
0.945955981789392
-0.129322615714023
1.26037272002765
-1.26275193546008
-0.854247614703141
-0.400460162754431
0.51921003685443
0.50245126385514
0.80232282948685
0.249524687354442
1.15352925140699
-0.788024221185867
0.476683732976268
0.445474399846374
0.865178702606999
0.0856944575312899
1.24927265470988
-1.15924669486885
-0.506612262977127
0.292907612541017
0.727903503828592
0.346091368521989
1.05068012163699
-0.441672794647758
1.04209923594635
-0.652860982978283
0.715911322450388
0.0866010748487861
1.20427375210417
-1.00440505555523
-0.0510791962436074
0.695025765328982
0.308391100867326
1.07536063006687
-0.526443348316741
0.934608550438343
-0.380823404068466
1.07734551401069
-0.739189720403084
0.558241634353783
0.341955872622699
1.00376514395652
-0.307975488124073
1.16834108138759
-1.00342188187832
-0.0590953378288421
0.694084272902157
0.307817229605185
1.07557325629211
-0.527255792629588
0.933473837681597
-0.378099505679288
1.07989922063159
-0.746085109112784
0.544669580133708
0.360843535133923
0.981109594452987
-0.239353390318609
1.21412681469608
-1.13555150812525
-0.441030074238911
0.387024010625975
0.657988359006907
0.50997905036375
0.833286423168195
0.180880946858103
1.20418084323966
-0.975807820458102
0.0281729895178298
0.706146449588849
0.310351965281638
1.07699825558081
-0.53078974994926
0.928666614562567
-0.366627278389116
1.09041819860616
-0.774604770508826
0.487107888888804
0.435434835262562
0.880687472602454
0.0447758564203121
1.26139941353529
-1.21414711572797
-0.685394682022167
-0.0219163529203643
0.793709138257888
0.11146121950818
1.22071969664142
-1.05278084302318
-0.18547059581881
0.636006668414308
0.378052546079903
0.990708781887796
-0.260689682889471
1.20206987949532
-1.10116769813269
-0.336977455326601
0.510674363002444
0.533803136362887
0.754278205153536
0.36363108583137
1.04116486833
-0.408544670513062
1.07867721357252
-0.751525744666733
0.532895841216114
0.376973107980379
0.960916538568293
-0.179612899337584
1.24310985051865
-1.21733481044039
-0.701732701838315
-0.054600741893138
0.785306452027112
0.120231064398483
1.21535422322318
-1.03185092374946
-0.125996593412695
0.668219524702917
0.337076755504321
1.04139682266903
-0.417187252519907
1.06875576166956
-0.724290605098595
0.586191095613142
0.301644817663832
1.04847189425112
-0.448517192949188
1.03290682695591
-0.628210276325728
0.757364636293026
0.00849524787210762
1.22710835395694
-1.10556430292963
-0.343048892890102
0.503575149042737
0.542062229106189
0.739708500399823
0.396582536942599
1.00172375806899
-0.285855921389018
1.18611807651027
-1.05538330441088
-0.203532063967848
0.625389587188518
0.391383390740291
0.973163534190241
-0.20845115276661
1.23111642393145
-1.18444205481326
-0.594729246514915
0.149483356231745
0.790297842739096
0.170446054536227
1.19641675231198
-0.952844446936962
0.0878474696115453
0.7033426168349
0.333787069564834
1.05502345411832
-0.458168163366199
1.0226217439442
-0.601507772672321
0.800250282363956
-0.0770130519947243
1.23177167046063
-1.14726994300753
-0.47318814984171
0.342349181886872
0.693959407773432
0.428493231073909
0.951138793625408
-0.137983037312703
1.25868659206717
-1.25940362306334
-0.842930502478936
-0.37256565173215
0.552793618465477
0.460417206017738
0.869060480503591
0.0807525955229347
1.25158876979391
-1.16883844948705
-0.537180018460823
0.245361144026888
0.754563067064297
0.276496752159597
1.11933828458256
-0.671136447817243
0.705207701150522
0.102414003188021
1.19687823107656
-0.974800299078538
0.0287335970059175
0.706404042840781
0.310010738663256
1.07737189153108
-0.532019048126786
0.9269495928617
-0.362535481227095
1.09408011265052
-0.784576454424465
0.466439735822987
0.460034625656196
0.843647321223205
0.141573264046933
1.2250340116369
-1.05851968231999
-0.201139281511261
0.625804280510391
0.391374819039442
0.973297335583698
-0.208818339124224
1.23094206241867
-1.18395120718141
-0.593154026655238
0.152250258773325
0.789601594188266
0.172816129069486
1.19506889800329
-0.947620700643886
0.101341680196655
0.701335599203721
0.341782232264378
1.04685954775285
-0.431746208130499
1.05309116079676
-0.682125252566737
0.664514543974101
0.177151013415628
1.15541888901637
-0.815844628709472
0.414782225233178
0.514384599270017
0.754006545217307
0.358379161458251
1.04639209085067
-0.425397222475283
1.06056971160964
-0.702350525199841
0.627556149135002
0.237937433996033
1.10900693324524
-0.650473698981598
0.740339633680047
0.0375140078290121
1.22013166900726
-1.07295560325152
-0.245687716466181
0.593605883393232
0.432978562341463
0.915623155391777
-0.0438184990629931
1.27199886141335
-1.27831909453049
-0.906139931993736
-0.533021135254203
0.330401877523127
0.687262098484608
0.437859694438084
0.937769072726605
-0.0998172589360983
1.26738184256386
-1.27870460648562
-0.908905106137392
-0.540163270693357
0.318841565550179
0.695627097300508
0.418196587766832
0.963844388762403
-0.175135431718227
1.24621192940834
-1.22680247171498
-0.733198447625892
-0.12065269055592
0.759660565278497
0.155886348618281
1.19387739442379
-0.948714621497117
0.0980800120677519
0.70191804927677
0.339659476559616
1.04905943075958
-0.438838122003967
1.04510737297432
-0.660800626064578
0.702211757522021
0.111417918817595
1.1932839935695
-0.960071989387579
0.067551683341577
0.705589881292533
0.323265592187098
1.06537606405886
-0.492056943361224
0.98064476950367
-0.493946912545235
0.952616457472943
-0.418653434831188
1.04040595934755
-0.64101841479361
0.736855336457947
0.0475563739487408
1.21789034875297
-1.06229275003526
-0.214485136862583
0.616906751480475
0.402850942910155
0.957867590359102
-0.163659166051446
1.24986222542201
-1.23611556536705
-0.764215699693178
-0.188470559530661
0.721005677558326
0.215669970240925
1.15118275277829
-0.790609431339598
0.470266243741116
0.453206694594791
0.853525041886584
0.116055012399943
1.23720124030156
-1.10811716888524
-0.347932751879053
0.498084769572246
0.548296361684511
0.728544970540613
0.421400024765322
0.969954317941084
-0.190715923019978
1.24006470677162
-1.2100794446788
-0.677989755376344
-0.00656198515702522
0.796542789878215
0.109758821903133
1.22209703838368
-1.05800199314567
-0.200486392985193
0.626326690775201
0.390654909096063
0.974242246031366
-0.211610662804317
1.22958197215193
-1.18010375557875
-0.580828231857923
0.173662864433892
0.783529223765885
0.19261359703693
1.18311877026086
-0.901893955249915
0.216157841955389
0.66401791573069
0.447559643210754
0.918771886795894
-0.0475305989898568
1.2724687450623
-1.28110656972155
-0.915987036658518
-0.5589771227735
0.287766295704648
0.716373645846945
0.367862208061732
1.02546044798601
-0.361838120118614
1.12434057915644
-0.878349869148564
0.257204284060314
0.643879378020861
0.496748370401352
0.8477012925113
0.142988037264945
1.22568657743216
-1.06033420935681
-0.206326116515617
0.622301084293975
0.395940069726475
0.967214370947184
-0.190923074195518
1.23913204291978
-1.20690442996543
-0.667526011422305
0.0141013047148529
0.799463811060783
0.109431052140292
1.22307392607669
-1.06144444446602
-0.210407854339893
0.619586615425108
0.399435040078515
0.962508292887998
-0.17716058740588
1.2448122646444
-1.22252878011455
-0.718963586098382
-0.0904307274239879
0.772862121123081
0.136628580199188
1.20572431983878
-0.994291015571207
-0.0223431771522373
0.701013790737279
0.305308578128939
1.07980547819042
-0.540779245583387
0.914522574021895
-0.333125927428902
1.11899473527106
-0.852946682818747
0.317173159357211
0.603277656931087
0.585630443913996
0.700835073504861
0.488051412817808
0.876778667876616
0.0701782584244514
1.2561386172253
-1.18798443843123
-0.598988251169078
0.141302973416606
0.792350382234353
0.163444112507286
1.20030554559169
-0.967993530137257
0.0482755995348841
0.706339194044189
0.316001600000272
1.07210194252943
-0.514363125245453
0.951233388301653
-0.421091880201416
1.03712429629031
-0.632205092398355
0.751580698490915
0.0195155073987648
1.22494101250663
-1.09481802554945
-0.310594808943201
0.536497802855716
0.503859707860424
0.805524893569446
0.242739416534033
1.15916607399584
-0.808310556983885
0.433037483054515
0.49497678648257
0.786908418097098
0.281578234083862
1.12507170275543
-0.687627400652241
0.675557491847768
0.154782685096021
1.16912649610658
-0.867164663929031
0.297973572717965
0.615547050767659
0.558934631423122
0.747293024144556
0.385854779917774
1.01575043158382
-0.328692080992458
1.15347125172513
-0.961301924276614
0.052299430052451
0.70778010017968
0.314356090721234
1.07398637757095
-0.520518607674798
0.942880443961292
-0.400788526548939
1.05798011296981
-0.687287245180139
0.656084773548718
0.191187704330498
1.14565159846258
-0.780168307784671
0.491567855678538
0.427654968233644
0.891426076106674
0.0157998616419742
1.26707833295293
-1.24294254408171
-0.782745135157762
-0.230648688482914
0.690698114954228
0.262915953053273
1.11043471676839
-0.64741657837032
0.746322898702291
0.0259780097105569
1.22295206982676
-1.0860630682178
-0.284460562457303
0.560896143303725
0.47421555426062
0.853436294327328
0.12256975441296
1.2349982057226
-1.09853786906938
-0.319000167974516
0.527973089244308
0.514042133454995
0.788456885819544
0.283882674921744
1.12371194337685
-0.682655141886359
0.684688323171616
0.13888611759151
1.17840140182798
-0.902415974084771
0.213423994151683
0.665505485983048
0.443970625622559
0.923697762812953
-0.061313392149148
1.27184626396432
-1.28302410446873
-0.923057314517608
-0.577755959578861
0.255760077284271
0.735094708140903
0.320218101273819
1.0769729271055
-0.527753529623309
0.933158574889843
-0.377424955133613
1.0805181370063
-0.747754708699473
0.541363494966763
0.365369380234479
0.975516350871931
-0.22267419707554
1.22323758800105
-1.16163653450073
-0.522187937201308
0.2697567011878
0.741467469869594
0.311243397931596
1.08681880710247
-0.560272147880814
0.886578810563369
-0.268512426640185
1.16503515060473
-0.980783390994475
0.00280006111055053
0.705754006222546
0.303515814114323
1.08275561268229
-0.550248859278709
0.900943353812159
-0.301453155273235
1.14305939938978
-0.919654653328635
0.158847265872319
0.688778168576254
0.383472668051534
1.00076164857329
-0.287091627741719
1.18483825076484
-1.0515058409882
-0.192478871855772
0.632680885148321
0.38185719503838
0.985663381180885
-0.245588062889793
1.21126011906672
-1.12768792532507
-0.416974043973537
0.418279327715776
0.629967152415833
0.569881739942653
0.734318869196658
0.416050639661234
0.977958272091466
-0.214148142834606
1.22918428371612
-1.17949604751899
-0.578940011443261
0.17691103415441
0.782501476959206
0.195841324225649
1.18105508910352
-0.894095175628569
0.235147870415862
0.654359117965868
0.471084163753661
0.885619330314479
0.0432750116087649
1.26306398181271
-1.22048036753098
-0.706482063996158
-0.0649077797068743
0.782157152988086
0.124049929329339
1.21310340694317
-1.02305284751316
-0.101360958243757
0.678700484347522
0.324703626091888
1.05600472258815
-0.463793275952292
1.01565553283046
-0.583316608702468
0.82833508746573
-0.135589606588344
1.22276216825902
-1.13388313015222
-0.433138683503604
0.397182294148205
0.649203110250155
0.529104138542596
0.802829267882983
0.256382474845441
1.14882401759387
-0.770800530307103
0.512860364747765
0.400523785686974
0.929271085362894
-0.0888055144220521
1.2677403384604
-1.27667344639017
-0.901531022666737
-0.520863492679795
0.349722403990746
0.672512888401769
0.471733702104138
0.890208106539304
0.0320614485036307
1.26562332088958
-1.23290491198031
-0.748389334512361
-0.153992708010688
0.742283943877641
0.182422552922831
1.17609600022246
-0.881755756558112
0.264338300154021
0.637648641332922
0.510067384334995
0.827058361212595
0.19538446930817
1.19467238117821
-0.939523596897567
0.122615289575184
0.697094607998081
0.356467337372558
1.03123183474055
-0.381874534563541
1.1052101262148
-0.824647552691876
0.379502017239458
0.550975240668092
0.68884740301087
0.50097752971168
0.855284341516837
0.126177432132059
1.23429626032383
-1.09502893190955
-0.3084348283094
0.538306459787187
0.50178616899912
0.808986834777817
0.234292272318372
1.165846034018
-0.832588083354177
0.379269727044665
0.548839838800199
0.69206568199748
0.494115080161968
0.865810107178389
0.0987565256794345
1.24608904024353
-1.14420609699724
-0.459063917294874
0.361702618673865
0.679120526713794
0.462824219876531
0.903847396108091
-0.0048688956689667
1.27112103022938
-1.26350881158864
-0.853700014678188
-0.399377844562746
0.520586267777924
0.500772559552648
0.805093461372103
0.242786093704034
1.15900491619714
-0.807773525965589
0.434204177907909
0.493721366852566
0.7889961500509
0.276595515342571
1.1295917342646
-0.703389825963694
0.64621737410245
0.20434739978228
1.13540420851384
-0.743495583460646
0.566721306878472
0.327309069423746
1.02003267436569
-0.358460598655941
1.12611820120542
-0.882937263917368
0.246425963542184
0.650102763114018
0.482240745410781
0.869452237786121
0.0863461523154238
1.25039775010829
-1.16298850117158
-0.518439830367771
0.274811648852056
0.738738031606968
0.318416063576063
1.0796771041215
-0.53645888975706
0.920999734677324
-0.348474382713099
1.10629176683301
-0.817976377521439
0.39516803419357
0.535986201395794
0.716356718936702
0.442362132146679
0.940949057340713
-0.106830540270523
1.26630684713393
-1.27699540561872
-0.903112118219684
-0.524954718990958
0.343257924746869
0.677557180240575
0.460260151930279
0.906691983635335
-0.0128484488849273
1.27177647939635
-1.26823611362957
-0.870259032061031
-0.440761930126194
0.466942779713696
0.562521637624687
0.697080003999765
0.488467746520569
0.875082966052694
0.074462047490359
1.25476245469277
-1.18186173054216
-0.579087273760337
0.1759625819537
0.782925855524961
0.194626721236821
1.18184637179034
-0.897077168748525
0.227907486171283
0.658158298221364
0.461930962126687
0.898715190186608
0.00781469833699597
1.26952905974184
-1.25404123743952
-0.820808477355822
-0.319429550330711
0.610908124118982
0.381678904340385
0.979322136809828
-0.228196915401958
1.22089327596439
-1.15527162243368
-0.50224554745145
0.300267687361167
0.723101378062052
0.358054462071015
1.03744621648607
-0.399396174320449
1.08790963925928
-0.776785188766708
0.481619570495523
0.442224068411979
0.870698893792677
0.0713040314110865
1.25409169728414
-1.1804531698525
-0.574630051515488
0.183584474497681
0.780426421558128
0.20238378309687
1.1767850525426
-0.878037148913695
0.273706586941292
0.63170744129682
0.523435968136702
0.805932934554157
0.247691737442306
1.15588820485018
-0.796201037723798
0.45925593199362
0.465857273183
0.833944581029585
0.166108192034845
1.21155467026336
-1.00517814904128
-0.0510699547550608
0.694795158897459
0.308842575615198
1.07490131655156
-0.524925203769419
0.936705337592155
-0.385861206393912
1.07256718243798
-0.726318867098286
0.58321541934728
0.30590802436032
1.04395301868894
-0.434000660013543
1.04948670355761
-0.67219147532598
0.682268079765999
0.146656931667589
1.17456886608119
-0.887459750133867
0.249751928473624
0.646435638873028
0.489894929254836
0.857934833268467
0.116495429386902
1.23838079088529
-1.11207314771106
-0.359875122938401
0.485063909932781
0.562635667711492
0.702336720566215
0.47820308363546
0.890551551292016
0.0331460333785752
1.26562734204738
-1.2325937864995
-0.747314216909837
-0.151648090263638
0.743609734334197
0.180367961125704
1.17753727833936
-0.887121270292698
0.251483376013784
0.645322175136384
0.49242801919228
0.854117156821029
0.12640584115123
1.2338653356983
-1.09347138094766
-0.303791924622717
0.542753238863339
0.496448912997883
0.81777983915551
0.212665262438468
1.18201683235942
-0.892229730041862
0.240101602069024
0.651622789944885
0.47757331609493
0.876180055839194
0.0685039084779564
1.2562841170843
-1.1889985234302
-0.602319249081591
0.135396574031043
0.793639100112441
0.158810742491113
1.20278253733092
-0.977716942204163
0.0225321744969954
0.705974138896163
0.309000373642849
1.07811851839286
-0.53457524348941
0.923356588185392
-0.353994917570338
1.10156961412373
-0.805036335936101
0.423153981188728
0.507806090704952
0.765932358296755
0.331028498731046
1.07636789372804
-0.522686430088651
0.940428822240068
-0.394974846606373
1.0637214654396
-0.702597152433672
0.628016577580813
0.237054103867054
1.10973246584995
-0.652992372905848
0.73596108505249
0.0458080819319523
1.21785059299735
-1.06268166903001
-0.215654083670152
0.61608614196594
0.403916786847487
0.956417563613704
-0.159453342330037
1.2513297533518
-1.23999261497189
-0.777215433253214
-0.217687146053341
0.700492599044447
0.247728022341535
1.12423093743879
-0.695134874269831
0.660771790435049
0.180192435070415
1.15277449801127
-0.806386930050054
0.435468516065608
0.492597961106848
0.79092670301841
0.271988318965454
1.13370930699041
-0.717819014169704
0.618743000152131
0.248674235416925
1.09904847454137
-0.616468298523321
0.797668114044477
-0.0757246777855777
1.23127251665732
-1.14516221772159
-0.466573351858644
0.35168436495307
0.686873344868985
0.44499232083781
0.928836571614227
-0.0743346312239575
1.27091507912539
-1.28361558305479
-0.925462027347898
-0.584156624604471
0.244626844898626
0.74097380207558
0.304729007962311
1.0922884650115
-0.578913024727362
0.858490133224874
-0.205481339800455
1.1984354265588
-1.07239086222377
-0.250500397965805
0.590432112199433
0.436795769847461
0.910022871280539
-0.0283595458009095
1.27188089201091
-1.27326126858774
-0.888107693716665
-0.486207766470549
0.402610502838208
0.627204366264946
0.570043706964924
0.733231550889047
0.418333201982658
0.974965730233225
-0.205281484586091
1.23349303599055
-1.19169154314789
-0.6181323168171
0.107569951524488
0.798360492695497
0.139939718641551
1.21209177301378
-1.01485113709831
-0.0782644307534804
0.686969209300875
0.315823298435498
1.06644866462171
-0.497490866452162
0.973438572301863
-0.475862975598773
0.975007771526553
-0.473655109031678
0.978413504221431
-0.482306712049509
0.967856380983218
-0.456136377508758
0.999072361453428
-0.534244730040808
0.900137304229102
-0.294619452063011
1.14852032112126
-0.935124334858772
0.120315566033291
0.699196529940493
0.351668567336831
1.03661986522831
-0.398912472779302
1.08820233425404
-0.7775317902201
0.480082741552187
0.4440692487032
0.867948325764302
0.0785527599350833
1.2517457471985
-1.17004855390083
-0.541095341720052
0.239087597466154
0.757643366516991
0.268093420081766
1.1266692953075
-0.69670915535966
0.658435682565491
0.184034686086424
1.15011443281355
-0.796658086166511
0.45650458108778
0.469247568574265
0.82868078146833
0.179377697967332
1.20355733250122
-0.974157044274219
0.0324924740776497
0.706274821497373
0.31139396934969
1.07612976064291
-0.527859175633017
0.932749495172918
-0.376388021733373
1.08148972848577
-0.750384452468323
0.536139361437072
0.372461083424491
0.966623646299078
-0.196367457990986
1.23600284390874
-1.197694479608
-0.637460039904253
0.071794232652975
0.801545811449603
0.122072306802529
1.21960143611155
-1.04577703611075
-0.165229022125753
0.64804600751309
0.362482214367157
1.0104631042284
-0.320705294699512
1.1591462908009
-0.977279761278331
0.0106378627143469
0.70665764184412
0.304080326926935
1.08254650923965
-0.549445624455644
0.90211726084506
-0.304175460577126
1.14110338310929
-0.914216341493989
0.172222888256272
0.684210085016738
0.396266049862825
0.98542553032158
-0.240609051174546
1.21457785738651
-1.13746183566742
-0.446973841423901
0.37906158841564
0.664745084635766
0.495078037958315
0.856280356254613
0.122020943476957
1.23603935197057
-1.10230430842469
-0.330292898129103
0.516577949496263
0.5273182414932
0.765683045912806
0.337416734930323
1.07031483955839
-0.502578377611354
0.967475415968071
-0.461185665987036
0.992473518873754
-0.517360859728022
0.923014892812201
-0.347947347212772
1.10741016883829
-0.821284399028869
0.387911760927993
0.54294893231858
0.703662567930158
0.469687266387085
0.902250190890406
0.00122861016964254
1.27067294399099
-1.26008503977614
-0.841738147257392
-0.369957863900471
0.555862206336263
0.456436731423633
0.875090376191113
0.064834586323865
1.25664217984003
-1.19135901951719
-0.610078184786942
0.12151874597074
0.796303016692696
0.14871773163978
1.20792715582209
-0.998107899789503
-0.0323289847244683
0.699104401508508
0.306055554690662
1.07859331687274
-0.536892294076356
0.92002332544782
-0.346087775338199
1.10831955010038
-0.823547447790067
0.38297330676397
0.547599790491759
0.695080249263926
0.487888763064006
0.875274451605402
0.0738191170328108
1.25495336862632
-1.18272540528731
-0.581889127448941
0.171149439113202
0.784424279053048
0.189894802338908
1.18484323337845
-0.908426442054102
0.200118929141229
0.671405447262884
0.428936294282386
0.943840751805078
-0.118488622390449
1.26349685045114
-1.27054059425707
-0.880933707181822
-0.467624053305873
0.429578730523155
0.601359744003199
0.622586660766316
0.637748112971148
0.617364280392331
0.657730317305268
0.579556445694216
0.727079151947582
0.433765203232724
0.954710593434538
-0.145931683132763
1.25659869943162
-1.25443591291835
-0.826073633637525
-0.331687481343049
0.598154690517169
0.399589108294319
0.955906369500722
-0.159383049664576
1.25120777172168
-1.23954415812281
-0.775695276394434
-0.214247673985735
0.703028524950053
0.243776948153454
1.1277104768536
-0.707290203001486
0.637949939289442
0.21804076404439
1.12482649708775
-0.705916278757651
0.639803039465255
0.215138015340135
1.12714279993729
-0.714089843428613
0.624248813698125
0.240211833006494
1.10649222950656
-0.641991525639814
0.754933302261298
0.00950853509964886
1.22635341354275
-1.10266721234125
-0.334318949578559
0.51272301223139
0.53166547294615
0.758081458497143
0.354937145079827
1.05105190980876
-0.440113020433743
1.04413631388519
-0.658342804893377
0.706459545908727
0.103778032524197
1.19686003172419
-0.974330099997093
0.0300112082527722
0.706440028331764
0.310322843394694
1.07711163451393
-0.531140409468981
0.928179301954952
-0.365465666049309
1.09146257630127
-0.777446477467495
0.481246537433121
0.442528535051837
0.870209855160762
0.0725872916890715
1.25368647566757
-1.17864550347377
-0.568781369302235
0.193489204466413
0.776952288066266
0.212929960235956
1.16961085126736
-0.851306372692513
0.336271699118571
0.586297970312919
0.619638075745303
0.638357508215196
0.615390991110991
0.661318751747764
0.572337809354789
0.739796830300475
0.405482252634754
0.991756849007686
-0.255369630784691
1.20622794704435
-1.11359109355857
-0.374250789000869
0.469833557637545
0.578683762664446
0.672125211251191
0.541151909360092
0.791654018769654
0.284943053200226
1.123826644637
-0.682697942114421
0.684640921156928
0.138964150074023
1.17835682733896
-0.902245492528684
0.213841347898032
0.665306981342209
0.444465673177654
0.923022465916091
-0.0594189596668544
1.27196388189978
-1.28287465150064
-0.922485155478093
-0.576232802358608
0.258392513836896
0.733656791602687
0.323964551140421
1.07316279492695
-0.515160372839455
0.950402544836364
-0.419119107975847
1.03919560611225
-0.637634243260967
0.742550282383095
0.0367764364076106
1.22087157593015
-1.07570543595755
-0.253737586149015
0.587152501538116
0.441231440067842
0.903586493275357
-0.0106865391411669
1.27091606501627
-1.26452466378535
-0.857356855945149
-0.408442488946216
0.509237569729244
0.51441518992289
0.782299088246009
0.297535948118115
1.11075102988224
-0.638014206102801
0.763338330900089
-0.00716383222070735
1.22892965058111
-1.11652447017457
-0.376598754323714
0.466485388486187
0.582368308963333
0.665131630347118
0.555350372725498
0.767759838023246
0.341367875383576
1.06718311452552
-0.492021357284668
0.981235911923709
-0.495559887973655
0.950559329981266
-0.413656222132304
1.0456117408421
-0.654722344261283
0.713557634947645
0.0907529989727079
1.20253674093274
-0.997306558918568
-0.0317074991669716
0.699400520619637
0.305662226709682
1.07901900061392
-0.538296137147308
0.918037876409378
-0.341399800675329
1.1122360094612
-0.834316457241634
0.359153271684436
0.569117561241222
0.654293263586913
0.571395723687068
0.739197676809058
0.406440229546248
0.990488178771668
-0.251561496337106
1.20854999261639
-1.12029876741544
-0.394532061796663
0.445992602875631
0.603167218913308
0.624462809302429
0.635014845391358
0.622797447376354
0.647477128975503
0.599921948648002
0.690374256435189
0.512713325066584
0.839087341749391
0.168119403602291
1.21215641511019
-1.00661662348922
-0.0549409128257145
0.693789107490262
0.309637070211297
1.07391157089843
-0.521709365889953
0.941120543829312
-0.396503838991599
1.06223475107969
-0.698630884659335
0.635351267124066
0.22527100891158
1.11955954169876
-0.687197691698765
0.674730928043073
0.156474137129357
1.16814146058639
-0.863434019578473
0.306716809544304
0.609264512366607
0.572330498422245
0.724192274516025
0.437462918870503
0.949334354813427
-0.130491128459484
1.26096119799475
-1.26517973852553
-0.862663319687316
-0.421417125945175
0.492571652437957
0.533897296316805
0.748706643511235
0.375382895642037
1.02733474737653
-0.364968487741466
1.12171762835095
-0.87104115917703
0.274317507132636
0.633337519639642
0.52073227284318
0.810374315919299
0.236830537190614
1.1645881100914
-0.827722491475569
0.390202100975086
0.53852250110981
0.711051552410334
0.453724716073738
0.925102900556429
-0.0620241124429637
1.27214508343286
-1.28430159235623
-0.927559287150402
-0.589803201357417
0.234717270990839
0.745929963370833
0.291439066941074
1.10486756737597
-0.621593557932698
0.79053029844399
-0.06139148124093
1.23188260997666
-1.14296611504035
-0.459355373189597
0.361699863058481
0.679035880731988
0.462984340667492
0.903614464634959
-0.00423143877628623
1.27105927228672
-1.26309777476536
-0.852264602378077
-0.395826265882935
0.524970813418618
0.495420023317152
0.81387384472059
0.22127911782676
1.17561192623551
-0.868505026202013
0.296662205117231
0.616236642616371
0.557352021950834
0.749973205863155
0.379761873267528
1.02308524921622
-0.351456236049081
1.13399549456396
-0.905760965182639
0.191634551901169
0.676858388369902
0.41609817650097
0.960664747028565
-0.167198005706548
1.24906218175142
-1.23437826914624
-0.758446941351236
-0.175651948726936
0.729270867666431
0.20273401758419
1.16123974565977
-0.827048640384703
0.390758688710871
0.538116113960334
0.711831073667982
0.452049965773062
0.927460481922797
-0.0686411340079354
1.27164189718779
-1.28449470075907
-0.928404721633056
-0.592057868238494
0.230733056429729
0.747849798867285
0.286228866596744
1.10965718995763
-0.638006050935496
0.763024747544859
-0.00649128679290376
1.22884843273754
-1.11604324493598
-0.375119004572861
0.468187051890778
0.580585536846692
0.668544723733447
0.548442794369445
0.779458118945962
0.313955895443745
1.09584180968635
-0.587030211966196
0.846306285240398
-0.178837123402222
1.20911608218263
-1.10039751729039
-0.332489749827616
0.515111537576279
0.528777220449837
0.763085972859566
0.34341288336991
1.06382042000766
-0.481375575424412
0.994734703541041
-0.529708655227759
0.905592647869832
-0.307049857994578
1.13968633294866
-0.910553869912332
0.181154209867344
0.680890252172574
0.40529011325512
0.974302969388485
-0.207385752646371
1.23207850025556
-1.18744012890271
-0.604396133543203
0.132355400590425
0.794156027045406
0.156749306767565
1.20384832487266
-0.981926312987939
0.0113034996684767
0.705243229356961
0.307075832325174
1.07955917528961
-0.539504468435226
0.916376652540678
-0.337495977580889
1.11544804692561
-0.843162876820492
0.339341322490192
0.585837590544703
0.621314441253745
0.635306988288775
0.621333375260148
0.650114867989598
0.594690934364459
0.699914230015497
0.492575379179877
0.870291563160769
0.0874022468816213
1.25039265508429
-1.16265383457976
-0.517351718162935
0.276489929225476
0.737769131202768
0.320922371429682
1.07714310348316
-0.528055460104961
0.932763334519621
-0.376483051545316
1.08139371701466
-0.750122235141904
0.5366614003884
0.371755687323855
0.967515212635835
-0.198993255157316
1.2348169219534
-1.19437993958667
-0.626715739535848
0.0918043526692485
0.800186023302618
0.131124565156374
1.21598469476836
-1.03072891952834
-0.122567539342384
0.669749401760872
0.335239772574621
1.04358483336602
-0.424125094431842
1.06124051599226
-0.703961534226479
0.624585576458981
0.242661540483219
1.10493720041613
-0.636442241463842
0.764398942717512
-0.00896071351786368
1.2292072706738
-1.11801893404364
-0.38119069042997
0.46116544032824
0.587899804176614
0.654472980447211
0.576701106263347
0.730724061782647
0.425469615623623
0.965783067188316
-0.178190821327653
1.2452821638289
-1.22447598096885
-0.725493350008791
-0.104219635560424
0.767145569586476
0.144816854421251
1.20078298102169
-0.975186618189498
0.0288503778922888
0.706278732516812
0.310293606159911
1.07708864892183
-0.531079858842788
0.928262451620684
-0.365663608377216
1.09128491119818
-0.776962942885514
0.482245492895207
0.441326115549507
0.871997411496138
0.0678665547465007
1.25515100649442
-1.18520570232158
-0.5900522775935
0.157011922892939
0.788470475219196
0.176743610458542
1.19280751719267
-0.938882599162314
0.123741506144105
0.696898475771369
0.35718797209779
1.03045299635555
-0.379410337148035
1.10760281339796
-0.831320690290328
0.364749117872686
0.564345106328438
0.663545176710208
0.552894449748998
0.771094371424515
0.333447193425104
1.07566646830304
-0.519847533416631
0.944361899291815
-0.404501415592652
1.0542386164845
-0.677337109359813
0.673971801343081
0.160865682584165
1.16596266543635
-0.854996807292755
0.326361442957779
0.594384449782897
0.60329840908613
0.668758776366671
0.554855901371412
0.769616533108646
0.337223319163584
1.07167756614981
-0.50672293235521
0.962027887600414
-0.447713598835844
1.00798191306456
-0.556752631542171
0.868431684098584
-0.222868815387474
1.19099079280847
-1.05270334059262
