Speed,RSRP,RSRQ,SNR,CQI,RSSI,DL_bitrate,UL_bitrate
0.666666666666667,-90,-7,9,7,-72,90,30.6666666666667
1,-91,-7,2,14,-74,0,0
1,-91,-7,2,14,-74,10,13
1,-89,-9,3,10,-72,165,57
1,-89,-9,3,10,-72,6689,681
1,-84,-10,1,10,-67,17267,647
1,-84,-10,1,10,-67,28223,908
1,-85,-9,4,10,-67,27813,935
1,-85,-9,4,14,-69,15385,359
1,-90,-10,2,12,-73,17088,336
1,-90,-10,2,8,-71,13939,243
1,-87,-12,4,8,-71,11366,210
1,-87,-12,4,9,-69,24747,392
1,-82,-10,5,11,-69,30305,395
1,-82,-10,5,11,-69,14561,239
1,-86,-13,4,11,-69,8855,155
1,-86,-13,4,15,-61,0,0
1,-74,-11,24,10,-56,0,0
1,-74,-11,24,11,-69,0,0
1,-84,-13,9,11,-69,0,0
1,-84,-13,9,12,-67,0,0
1,-87,-9,10,10,-73,0,0
1,-87,-9,10,11,-70,0,0
1,-86,-9,3,12,-73,2,4
1,-86,-9,3,12,-73,0,0
1,-90,-13,2,12,-73,3,4
1,-90,-13,2,12,-73,2,3
1,-92,-10,-1,12,-73,38,17
1,-92,-10,-1,12,-73,2,2
1,-91,-10,-2,9,-75,0,0
1,-91,-10,-2,10,-73,0,0
1,-92,-10,0,10,-73,0,0
1,-92,-10,0,8,-76,0,0
8,-91,-9,3,8,-75,0,0
15,-91,-9,3,8,-74,0,0
15,-90,-10,2,8,-74,0,0
15,-90,-10,2,7,-76,0,0
15,-91,-12,-1,5,-74,0,0
15,-91,-12,-1,5,-74,0,0
15,-90,-14,1,5,-74,0,0
15,-80,-8,5,6,-76,5,6
15,-97,-15,1,6,-76,0,0
15,-97,-15,1,3,-82,2,4
15,-97,-15,1,3,-82,0,0
15,-97,-15,1,3,-82,0,0
45,-84,-8,4,10,-73,3,3
45,-97,-15,-5,5,-80,0,0
45,-97,-15,-5,5,-80,0,0
45,-98,-18,-13,5,-80,23,40
45,-98,-18,-13,2,-85,2,4
45,-99,-23,-11,1,-82,0,0
45,-99,-23,-11,1,-82,2,4
45,-86,-16,6,12,-71,0,0
43,-101,-17,-3,8,-86,0,0
43,-101,-17,-3,8,-86,0,0
28,-98,-22,-12,4,-85,0,0
28,-98,-22,-12,6,-83,0,0
28,-93,-13,-2,6,-83,0,0
28,-93,-13,-2,6,-86,0,0
28,-104,-21,-9,6,-86,0,0
28,-104,-21,-9,3,-84,2,4
28,-105,-22,-12,3,-84,0,0
28,-105,-22,-12,3,-84,0,0
28,-101,-22,-12,1,-92,2,4
28,-101,-22,-12,3,-84,0,0
28,-102,-17,-4,5,-86,0,0
28,-73,-11,18,2,-65,11,26
28,-73,-11,18,12,-58,9588,221
28,-75,-13,19,10,-60,0,0
28,-75,-13,19,13,-57,0,0
28,-74,-13,21,13,-57,0,0
28,-74,-13,21,12,-55,0,0
28,-74,-13,12,15,-57,2,4
28,-74,-13,12,9,-65,0,0
28,-84,-15,8,8,-67,2,4
28.5,-84,-15,8,8,-67,0,0
29,-82,-16,10,13,-65,2,4
29,-82,-16,10,13,-65,0,0
29,-83,-11,14,13,-65,0,0
29,-83,-11,14,14,-63,0,0
29,-78,-13,19,14,-63,0,0
29,-78,-13,19,10,-71,0,0
29,-87,-10,14,11,-68,1,0
29,-87,-10,14,13,-62,0,0
29,-84,-10,10,12,-69,0,0
29,-84,-10,10,12,-69,0,0
29,-89,-8,12,12,-69,0,0
29,-89,-8,12,10,-74,0,0
29,-91,-9,6,11,-71,15,26
29,-91,-9,6,11,-71,0,0
29,-90,-13,7,10,-74,0,0
29,-90,-13,7,11,-72,0,0
29,-89,-10,5,11,-72,2,4
29,-89,-10,5,10,-74,0,0
29,-90,-8,9,10,-74,2,4
29,-90,-8,9,10,-74,2,4
29,-90,-12,4,10,-74,0,0
29,-90,-12,4,10,-74,0,0
29,-91,-19,9,10,-74,0,0
29,-91,-19,9,10,-74,0,0
29,-93,-18,8,13,-77,0,0
29,-93,-18,8,13,-77,0,0
29,-87,-16,13,9,-74,0,0
29,-87,-16,13,6,-70,0,0
29,-90,-13,7,6,-70,0,0
29,-90,-13,7,11,-73,1816,40
18,-91,-14,6.5,9,-75,4997.5,84
18,-92,-15,6,12,-81,0,0
18,-99,-14,-3,12,-81,0,0
18,-99,-14,-3,8,-79,2,4
18,-96,-15,-4,12,-81,0,0
18,-96,-15,-4,14,-76,2,4
18,-93,-11,4,12,-80,0,0
18,-93,-11,4,12,-84,2,4
18,-100,-16,1,12,-84,33,18
18,-100,-16,1,14,-81,0,0
31,-94,-17,4,14,-80,0,0
44,-94,-17,4,14,-80,0,0
44,-95,-13,-1,13,-78,0,0
44,-95,-13,-1,13,-78,0,0
44,-99,-16,-8,8,-83,31,12
44,-99,-16,-8,10,-79,0,0
44,-96,-14,-9,10,-79,0,0
44.5,-96,-14,-9,11.5,-80.5,0,0
45,-99,-15,1,13,-82,0,0
45,-99,-15,1,9,-86,0,0
45,-104,-16,-6,5,-88,0,0
45,-104,-16,-6,6,-85,0,0
45,-104,-18,-8,6,-85,0,0
45,-104,-18,-8,6,-85,2,4
45,-103,-20,-13,9,-82,0,0
50,-106,-20,-13,6,-88,1,0
50,-106,-20,-13,2,-72,2,4
50,-85,-6,3,2,-72,0,0
50,-85,-6,3,6,-75,0,0
50,-93,-10,5,6,-75,0,0
50,-93,-10,5,6,-75,1,1
47.5,-101,-11,2,7.5,-80,0,0
45,-101,-11,2,8,-76,0,0
45,-87,-10,3,7,-72,0,0
45,-87,-10,3,7,-70,0,0
45,-91,-11,5,11,-73,16,1
45,-89,-13,2,8,-75,0,0
24,-89,-15,0,9,-72,3379,90
24,-89,-15,0,6,-74,6011,117
24,-88,-14,0,6,-71,1422,30
24,-88,-14,0,5,-74,0,0
24,-91,-15,1,5,-74,2,4
24,-91,-15,1,7,-76,0,0
24,-93,-14,0,7,-76,0,0
24,-93,-14,0,7,-76,0,0
24,-93,-16,-1,7,-76,0,0
24,-92,-16,0,6,-74,0,0
24,-91,-15,2,6,-74,0,0
24,-91,-15,2,6,-74,0,0
24,-92,-16,3,6,-74,0,0
24,-92,-16,3,6,-74,0,0
24,-91,-15,0,6,-74,0,0
24,-91,-15,0,6,-74,0,0
24,-93,-13,1,6,-74,0,0
24,-93,-13,1,6,-74,0,0
24,-92,-14,1,6,-74,0,0
24,-92,-14,1,6,-74,0,0
24,-92,-14,0,6,-74,0,0
24,-92,-14,0,6,-74,0,0
24,-92,-14,-3,6,-74,0,0
24,-92,-14,-3,6,-74,0,0
24,-92,-12,0,6,-74,2,4
24,-92,-12,0,6,-74,0,0
24,-91,-12,-6,6,-74,4,6
24,-91,-12,-6,6,-74,0,0
24,-92,-13,-7,6,-74,853,22
24,-92,-13,-7,6,-74,0,0
24,-91,-16,-10,6,-74,0,0
24,-91,-16,-10,6,-74,2,1
24,-91,-15,-9,6,-74,0,0
24,-91,-15,-9,6,-74,0,0
24,-91,-14,-4,6,-74,15,27
24,-91,-14,-4,6,-74,0,2
24,-91,-15,-6,6,-74,0,0
24,-91,-15,-6,6,-74,0,0
24,-92,-13,-7,6,-74,0,0
24,-92,-13,-7,6,-74,0,0
24,-91,-13,-7,6,-74,0,0
24,-91,-13,-7,6,-74,0,0
24,-91,-12,-8,6,-74,0,0
24,-91,-12,-8,6,-74,14,6
24,-91,-12,-5,6,-74,0,0
24,-91,-12,-5,6,-74,2,4
24,-92,-13,-7,6,-74,0,0
24,-92,-13,-7,6,-74,2,4
24,-92,-15,-3,6,-74,0,0
24,-92,-15,-3,6,-74,0,0
24,-92,-14,-3,8,-76,0,0
24,-92,-14,-3,11,-85,0,0
24,-97,-14,-10,9,-83,0,0
24,-97,-14,-10,8,-86,0,0
24,-89,-11,1,10,-75,0,0
24,-89,-11,1,11,-67,0,0
24,-86,-6,2,7,-79,0,0
24,-95,-12,2,7,-79,0,0
24,-98,-17,-13,3,-84,2,4
37,-101,-17,-12,3,-84,0,0
50,-101,-17,-12,4,-81,2,4
50,-100,-17,-7,3,-83,0,0
50,-100,-17,-7,3,-87,2,4
50,-104,-20,-14,3,-87,0,0
50,-104,-20,-14,3,-87,0,0
50.5,-102,-21,-9,2,-85,0,0
51,-102,-21,-9,2,-85,0,0
51,-83,-7,9,6,-66,0,0
51,-83,-7,9,6,-66,0,0
51,-80,-7,8,6,-63,0,0
51,-80,-7,8,6,-63,0,0
51,-79,-7,21,6,-60,0,0
51,-76,-9,16,6,-60,0,0
51,-76,-9,16,6,-60,0,0
17,-75,-9.5,16,6,-58,0,0
17,-74,-10,16,6,-58,0,0
17,-75,-8,12,6,-58,0,0
17,-75,-8,12,10,-56,3,2
17,-73,-10,2,13,-58,3,5
17,-73,-10,2,15,-54,0,0
17,-68,-7,24,15,-61,2,4
17,-68,-7,24,15,-59,0,0
17,-69,-8,13,15,-52,0,0
17,-69,-8,13,15,-52,0,0
17,-68,-7,14,15,-52,15,27
17,-68,-7,14,14,-61,0,0
17,-69,-7,18,15,-52,0,0
17,-69,-7,18,15,-61,0,0
17,-70,-8,16,15,-61,2,4
17,-70,-8,16,15,-61,0,0
17,-67,-8,20,15,-61,2,4
17,-67,-8,20,15,-58,0,0
17,-70,-8,16,15,-58,2,4
17,-70,-8,16,12,-62,0,0
17,-71,-8,6,15,-60,0,0
17,-71,-8,6,15,-60,0,0
17,-72,-9,17,15,-49,0,0
17,-72,-9,17,15,-57,0,0
17,-70,-8,14,15,-57,0,0
17,-70,-8,14,15,-51,0,0
17,-59,-7,27,15,-46,0,0
17,-59,-7,27,15,-43,0,0
23,-53,-7,27,15,-40,0,0
29,-53,-7,27,15,-37,0,0
29,-62,-9,16,15,-47,0,0
29,-62,-9,16,15,-47,0,0
29,-59,-14,17,15,-44,0,0
29,-59,-14,17,13,-53,0,0
29,-63,-10,16,13,-53,2,4
29,-63,-10,16,15,-45,2,4
29,-60,-9,6,15,-51,0,0
29,-60,-9,6,15,-53,2,4
29,-61,-10,17,15,-53,0,0
29,-61,-10,17,13,-49,0,0
29,-63,-8,7,13,-57,0,0
29,-63,-8,7,12,-50,0,0
29,-70,-13,-1,13,-61,0,0
24.5,-70,-13,-1,12,-56,0,0
20,-68,-11,-5,6,-63,0,0
20,-68,-11,-5,11,-52,0,0
20,-64,-10,5,15,-54,0,0
20,-64,-10,5,15,-54,0,0
20,-61,-12,10,15,-54,0,0
20,-61,-12,10,14,-50,0,0
20,-58,-8,19,13,-46,0,0
20,-58,-8,19,15,-51,0,0
20,-61,-9,14,15,-53,0,0
20,-61,-9,14,12,-51,2,4
20,-62,-8,5,12,-51,0,0
20,-62,-8,5,12,-51,2,4
20,-62,-8,12,12,-51,0,0
20,-62,-8,12,12,-51,2,30
20,-60,-8,18,12,-53,18,1
20,-60,-8,18,11,-50,0,0
20,-62,-8,20,11,-50,0,0
20,-62,-8,20,12,-52,0,0
20,-60,-10,3,12,-52,0,0
20,-60,-10,3,15,-54,0,0
20,-60,-9,1,15,-54,0,0
20,-60,-9,1,15,-54,0,0
20,-59,-9,14,15,-54,0,0
20,-59,-9,14,15,-54,0,0
20,-59,-8,6,14,-42,0,0
20,-59,-8,6,12,-50,0,0
20,-59,-8,14,12,-50,0,0
20,-59,-8,14,12,-50,0,0
20,-58,-8,7,10,-54,0,0
20,-58,-8,7,10,-54,2,4
20,-59,-7,15,10,-50,2,4
20,-59,-7,15,12,-52,0,0
20,-59,-9,6,15,-49,2,4
20,-59,-9,6,15,-49,0,0
20,-58,-7,15,15,-49,0,0
20,-58,-7,15,15,-49,0,0
20,-59,-8,13,15,-49,0,0
20,-59,-8,13,15,-49,0,0
20,-60,-8,12,15,-49,0,0
20,-60,-8,12,15,-49,0,0
20,-59,-9,12,15,-49,0,0
20,-59,-9,12,15,-49,0,0
20,-60,-10,11,11,-53,0,0
20,-60,-10,11,12,-41,0,0
20,-60,-11,16,12,-50,0,0
20,-60,-11,16,12,-50,2,17
20,-59,-7,20,15,-52,7094,199
20,-59,-7,20,15,-54,1524,21
18,-57,-7,20,15,-54,2,4
16,-57,-7,20,15,-54,0,0
16,-56,-7,18,14,-48,2,4
16,-56,-7,18,15,-50,0,0
16,-56,-9,14,15,-50,2,4
16,-56,-9,14,15,-50,0,0
16,-58,-9,7,15,-50,0,0
16,-58,-9,7,14,-48,0,0
16,-55,-8,11,12,-45,0,0
16,-55,-8,11,8,-51,0,0
16,-55,-10,13,15,-49,0,0
16,-55,-10,13,12,-57,0,0
16,-69,-13,-5,8,-60,0,0
16,-69,-13,-5,11,-57,0,0
16,-74,-13,-3,11,-57,0,0
16,-74,-13,-3,10,-60,0,0
16,-78,-16,-2,9,-66,0,0
16,-78,-16,-2,9,-66,0,0
16,-80,-17,-4,9,-66,0,0
16,-80,-17,-4,9,-66,0,0
16,-80,-17,-4,9,-66,0,0
16,-78,-17,-12,9,-66,2,4
16,-78,-17,-12,6,-63,17,31
16,-78,-21,-10,5,-69,2,0
16,-78,-21,-10,4,-61,2,4
16,-74,-10,3,4,-61,0,0
16,-74,-10,3,6,-57,0,0
16,-77,-10,-1,6,-60,0,0
16,-77,-10,-1,6,-60,0,0
16,-77,-11,5,6,-60,0,0
16,-77,-11,5,6,-60,0,0
16,-72,-9,10,6,-57,0,0
16,-72,-9,10,6,-55,0,0
16,-69,-8,4,6,-52,0,0
16,-69,-8,4,6,-52,0,0
16,-69,-9,6,6,-52,0,0
16,-69,-9,6,6,-52,0,0
16,-70,-12,5,6,-52,0,0
16,-70,-12,5,6,-52,0,0
16,-70,-13,5,6,-52,0,0
16,-70,-13,5,6,-54,2,4
16,-70,-11,5,6,-54,0,0
16,-70,-11,5,6,-54,2,4
16,-71,-13,5,6,-54,0,0
16,-71,-13,5,6,-54,2,4
16,-71,-10,15,6,-54,0,0
16,-71,-10,15,6,-54,0,0
16,-71,-9,14,6,-54,0,0
16,-71,-9,14,6,-54,0,0
16,-71,-10,4,6,-54,0,0
16,-71,-10,4,6,-54,0,0
16,-73,-11,11,12,-56,0,0
16,-73,-11,11,14,-53,0,0
16,-68,-12,13,14,-53,0,0
16,-68,-12,13,14,-51,0,0
16,-70,-8,11,14,-51,0,0
16,-70,-8,11,14,-53,7,4
16,-70,-10,3,14,-53,0,0
16,-70,-10,3,14,-53,0,0
16,-69,-12,6,14,-53,3075,523
16,-69,-12,6,14,-53,8923,514
16,-67,-13,5,15,-50,20894,696
16,-67,-13,5,10,-55,9299,316
16,-75,-13,4,9,-58,15053,466
16,-75,-13,4,9,-58,13472,267
16,-71,-12,6,14,-52,18690,296
16,-71,-12,6,5,-55,19019,296
16,-72,-11,4,4,-63,4446,90
16,-72,-11,4,4,-69,2102,38
16,-81,-13,-9,4,-72,794,15
16,-81,-13,-9,6,-66,6709,134
16,-83,-15,-6,5,-69,2450,46
16,-83,-15,-6,3,-66,3362,72
4,-83,-15.5,-5.5,7,-68,4537.5,96.5
4,-83,-16,-5,7,-68,5279,113
4,-84,-15,-5,6,-70,4785,96
4,-84,-15,-5,6,-68,6954,142
4,-85,-15,-4,7,-66,6781,141
4,-85,-15,-4,7,-66,5727,104
4,-83,-16,-3,7,-66,6993,145
4,-83,-16,-3,7,-66,6417,121
4,-82,-15,-3,7,-66,9404,186
4,-82,-15,-3,7,-66,4584,81
4,-88,-17,-4,5,-68,2,4
4,-88,-17,-4,4,-71,0,0
4,-90,-17,-8,4,-71,0,0
4,-90,-17,-8,4,-73,0,0
4,-90,-17,-1,4,-73,0,0
4,-90,-17,-1,3,-75,0,0
4,-89,-15,-9,3,-75,3,7
4,-89,-15,-9,3,-75,0,0
4,-87,-22,-12,1,-70,0,0
4,-87,-22,-12,10,-49,0,0
4,-64,-8,9,10,-49,0,0
4,-64,-8,9,10,-49,0,0
4,-74,-11,4,5,-56,0,0
4,-74,-11,4,3,-66,0,0
4,-79,-16,1,3,-66,0,0
12.5,-79,-16,1,1,-71,1,0
21,-92,-15,-6,1,-71,2,4
21,-92,-15,-6,1,-71,0,0
21,-95,-17,-5,4,-78,2,4
21,-95,-17,-5,4,-78,0,0
21,-94,-17,-7,4,-78,2,4
21,-94,-17,-7,5,-75,0,0
21,-91,-16,-5,6,-75,0,0
21,-91,-16,-5,4,-70,0,0
21,-90,-15,-6,4,-73,0,0
21,-82,-15,-6,6,-65,0,0
20.5,-82,-15,-6,6,-65,0,0
20,-83,-12,2,4,-71,0,0
20,-83,-12,2,9,-49,0,0
20,-68,-8,8,9,-49,0,0
20,-68,-8,8,6,-51,39,42
20,-72,-12,-1,8,-57,1,0
20,-72,-12,-1,8,-57,2,4
20,-70,-10,2,8,-57,5,3
20,-70,-10,2,8,-57,4,6
20,-80,-13,-7,8,-57,0,0
28,-80,-13,-7,1,-67,5,6
36,-80,-13,-7,1,-67,0,0
36,-80,-13,-7,1,-67,0,30
36,-80,-13,-7,1,-67,0,10
33,-68,-16,5,7,-54,1,1
33,-77,-16,1,10,-58,0,1
33,-77,-16,1,15,-62,0,1
33,-69,-15,2,13,-56,53,23
33,-69,-15,2,13,-56,249,132
33,-69,-17,2,13,-56,19,21
33,-69,-17,2,13,-56,2,6
30,-75,-12,6,8,-63,0,4
27,-75,-12,6,11,-65,7,7
27,-74,-13,4,11,-65,0,1
27,-74,-13,4,11,-65,0,1
27,-76,-12,2,11,-65,116,89
27,-76,-12,2,11,-65,0,1
27,-73,-15,9,11,-65,0,0
27,-73,-15,9,11,-65,0,0
27,-73,-16,-2,11,-65,35,12
27,-73,-16,-2,11,-65,55,18
27,-73,-15,-8,11,-65,0,1
27,-73,-15,-8,11,-65,0,2
27,-73,-17,1,11,-65,0,0
27,-73,-17,1,11,-65,0,0
27,-73,-18,-5,11,-65,0,0
27,-73,-18,-5,11,-65,9,15
27,-73,-17,4,11,-65,7,2
27,-73,-17,4,11,-65,2,4
27,-73,-19,-7,11,-65,0,0
27,-73,-19,-7,11,-63,2,5
27,-70,-18,-4,11,-63,0,0
27,-70,-18,-4,11,-63,2,5
27,-80,-17,2,9,-67,0,0
27,-80,-17,2,8,-70,13216,208
27,-83,-19,-11,8,-70,0,0
27,-83,-19,-11,8,-70,7,39
27,-80,-18,-12,12,-68,0,1
27,-80,-18,-12,11,-64,0,0
27,-78,-19,-12,5,-62,0,0
27,-78,-19,-12,5,-62,0,0
27,-82,-16,1,9,-64,0,0
34,-82,-16,1,9,-64,0,0
41,-86,-15,-5,9,-66,0,0
41,-86,-15,-5,9,-66,0,0
41,-82,-16,-12,9,-66,0,0
41,-82,-16,-12,9,-69,0,0
41,-82,-18,-11,11,-51,0,0
41,-82,-18,-11,13,-63,2,4
41,-78,-16,-3,10,-66,2,4
38,-78,-16,-3,7,-63,0,0
35,-79,-15,-1,7,-61,2,4
35,-79,-15,-1,10,-65,5,3
35,-82,-17,-3,10,-63,0,0
35,-82,-17,-3,10,-63,0,0
35,-82,-18,-11,10,-63,0,0
35,-82,-18,-11,12,-66,0,0
35,-80,-14,-7,12,-66,0,0
35,-80,-14,-7,10,-63,0,0
35,-81,-15,2,10,-65,0,0
35,-81,-15,2,9,-67,0,0
35,-84,-18,-6,9,-67,0,0
35,-84,-18,-6,8,-64,0,0
35,-83,-17,-5,8,-64,0,0
35,-83,-17,-5,8,-64,0,0
35,-83,-15,0,8,-64,0,0
35,-83,-15,0,8,-64,0,0
35,-84,-16,0,8,-64,2,6
35,-84,-16,0,14,-66,0,0
35,-87,-15,-9,13,-64,2,4
35,-87,-15,-9,13,-64,0,0
35,-85,-18,1,14,-66,2,4
35,-85,-18,1,14,-66,0,0
35,-84,-18,-3,14,-66,0,0
35,-84,-18,-3,14,-66,0,0
35,-81,-15,5,14,-66,0,0
35,-81,-15,5,13,-69,20100,162
35,-87,-16,-3,10,-64,0,0
35,-87,-16,-3,7,-68,0,0
35,-87,-14,-1,7,-68,0,0
35,-87,-14,-1,14,-65,0,0
35,-85,-18,-1,14,-65,0,0
39,-85,-18,-4,6,-60,0,0
39,-85,-18,-4,6,-60,0,0
39,-91,-19,-9,6,-65,0,0
39,-91,-19,-9,6,-65,0,0
39,-89,-17,-6,6,-63,0,0
39,-89,-17,-6,6,-63,2,4
39,-93,-18,-7,6,-63,0,0
39,-93,-18,-7,6,-63,2,4
32.5,-83,-12,1,6,-63,0,0
26,-83,-12,1,12,-65,15,25
26,-84,-16,-10,10,-63,0,0
26,-84,-16,-10,10,-63,0,0
26,-83,-14,-1,10,-63,0,0
26,-83,-14,-1,10,-63,0,0
26,-83,-12,-7,12,-59,0,0
26,-83,-12,-7,6,-62,0,0
26,-83,-16,-2,6,-62,0,0
26,-83,-16,-2,6,-59,35,33
26,-81,-15,0,9,-57,20,16
26,-81,-15,0,9,-57,0,0
26,-83,-16,-5,7,-61,0,0
26,-83,-16,-5,7,-61,0,0
26,-89,-20,-8,6,-59,0,11
26,-89,-20,-8,6,-57,17,5
37,-89.5,-22.5,-8.5,6,-57,8.5,2.5
37,-90,-25,-9,6,-54,2,4
37,-89,-25,-8,3,-51,0,0
37,-89,-25,-8,4,-49,2,4
37,-73,-9,3,11,-57,0,0
37,-73,-9,3,15,-52,0,0
37,-69,-9,-1,15,-52,0,0
37,-69,-9,-1,15,-52,0,0
37,-67,-7,18,14,-48,0,0
37,-67,-7,18,13,-51,0,0
37,-71,-7,-4,14,-48,0,0
37,-71,-7,-4,14,-40,22507,204
37,-69,-7,11,14,-40,0,0
37,-69,-7,11,12,-50,0,0
37,-66,-7,15,12,-50,0,0
37,-66,-7,15,12,-50,0,0
37,-66,-7,7,12,-50,0,0
37,-66,-7,7,12,-50,0,0
37,-67,-8,0,12,-50,2,4
37,-67,-8,0,12,-50,0,0
37,-67,-8,1,12,-50,2,4
37,-67,-8,1,12,-50,1,1
37,-65,-7,13,12,-50,2,5
37,-65,-7,13,12,-50,0,0
37,-65,-7,9,12,-50,0,0
37,-65,-7,9,12,-50,0,0
37,-65,-8,16,12,-50,0,0
37,-65,-8,16,12,-50,0,0
37,-64,-7,15,12,-50,0,0
37,-64,-7,15,12,-50,0,0
20.5,-65,-7,1,12,-50,0,0
4,-65,-7,1,12,-43,0,0
4,-66,-7,11,8,-52,0,0
4,-66,-7,11,12,-44,0,0
4,-70,-8,10,14,-52,0,0
4,-70,-8,10,15,-49,0,0
4,-67,-10,1,15,-49,0,0
4,-67,-10,1,11,-47,0,0
4,-67,-9,-9,11,-47,2,4
4,-67,-9,-9,11,-47,0,0
4,-67,-9,6,11,-47,2,4
4,-67,-9,6,11,-47,15,26
4,-66,-8,11,15,-45,2,4
4,-66,-8,11,15,-45,0,0
4,-66,-7,4,14,-42,0,0
4,-66,-7,4,14,-42,0,0
4,-64,-8,14,14,-42,0,0
4,-64,-8,14,14,-42,0,0
4,-60,-6,6,15,-49,0,0
4,-60,-6,6,11,-47,0,0
4,-64,-9,3,11,-47,0,0
4,-64,-9,3,12,-50,0,0
4,-65,-10,-2,13,-48,0,0
4,-65,-10,-2,15,-45,103,17
4,-66,-13,-6,15,-45,15885,163
4,-66,-13,-6,13,-44,0,0
4,-65,-9,6,13,-44,0,0
4,-65,-9,6,10,-46,0,0
4,-73,-11,-4,10,-46,0,0
4,-73,-11,-4,15,-44,2,4
23.5,-69,-10,7,12.5,-48,0,0
43,-69,-10,7,13,-50,2,4
43,-62,-8,22,15,-46,0,0
43,-62,-8,22,11,-44,0,0
43,-52,-8,17,11,-44,0,0
43,-52,-8,17,13,-46,0,0
43,-50,-7,9,13,-46,0,0
43,-50,-7,9,15,-51,0,0
52,-57,-9.5,2.5,15,-51,0,0
52,-64,-12,-4,15,-42,0,0
52,-64,-8,28,14,-48,0,0
52,-64,-8,28,14,-48,0,0
52,-64,-8,19,14,-48,0,0
52,-64,-8,19,14,-48,0,0
52,-65,-7,14,14,-51,0,0
48.5,-65,-7,14,14,-55,0,0
45,-69,-10,17,14,-56,0,0
45,-69,-10,17,15,-58,2,4
45,-61,-7,30,15,-46,0,0
45,-61,-7,30,15,-44,2,4
45,-60,-7,27,15,-55,0,0
45,-60,-7,27,15,-43,2,4
45,-64,-7,26,13,-49,0,0
45,-64,-7,26,13,-60,0,0
45,-73,-8,11,13,-60,0,0
45,-73,-8,11,14,-62,0,0
45,-74,-8,22,14,-62,0,0
45,-74,-8,22,14,-62,0,0
45,-75,-8,12,14,-62,0,0
45,-75,-8,12,14,-60,0,0
45,-76,-7,20,14,-60,0,0
45,-76,-7,20,14,-60,0,0
45,-76,-7,24,14,-60,0,0
45,-76,-7,24,14,-60,0,0
45,-75,-9,22,14,-62,0,0
45,-75,-9,22,13,-60,0,0
45,-76,-7,19,13,-60,9200,66
45,-76,-7,19,13,-60,18,31
45,-76,-7,13,13,-60,0,0
45,-76,-7,13,13,-60,2,4
45,-77,-9,13,13,-60,0,0
45,-77,-9,13,13,-60,2,4
45,-75,-8,18,13,-60,0,2
45,-75,-8,18,13,-60,0,0
45,-76,-8,15,13,-60,0,0
45,-76,-8,15,13,-60,0,0
45,-77,-8,13,13,-60,0,0
45,-77,-8,13,12,-58,0,0
45,-77,-7,15,12,-58,0,0
45,-77,-7,15,12,-58,0,0
45,-75,-7,16,13,-60,27,28
45,-75,-7,16,13,-60,0,0
45,-74,-8,21,13,-60,0,0
45,-74,-8,21,13,-60,0,0
45,-70,-7,21,13,-60,0,0
45,-70,-7,21,13,-60,0,0
45,-72,-9,19,13,-60,2,4
45,-72,-9,19,13,-60,0,0
45,-75,-7,14,13,-60,2,4
45,-75,-7,14,13,-60,0,0
45,-73,-9,21,12,-62,2,4
45,-73,-9,21,12,-62,0,0
45,-74,-8,12,12,-62,0,0
45,-74,-8,12,12,-62,0,0
6,-73,-7.5,17,12,-62,2,1.5
6,-72,-7,22,14,-59,1,1
6,-70,-9,19,14,-59,0,0
6,-70,-9,19,14,-59,0,0
6,-70,-10,21,14,-59,0,0
6,-70,-10,21,14,-59,0,0
6,-70,-8,23,15,-61,0,0
6,-70,-8,23,15,-61,0,0
6,-72,-7,11,15,-61,0,0
6,-72,-7,11,15,-61,0,0
6,-70,-8,23,15,-61,0,0
6,-70,-8,23,15,-61,0,0
37,-76.5,-8.5,17.5,13.5,-68,1,2
37,-83,-9,12,12,-72,0,0
37,-81,-7,8,12,-72,2,20
37,-81,-7,8,12,-72,7583,125
37,-86,-12,7,12,-68,8548,109
37,-86,-12,7,10,-73,0,0
37,-90,-13,3,10,-73,0,0
37,-90,-13,3,9,-79,0,0
37,-83,-11,-5,8,-76,0,0
37,-83,-11,-5,10,-67,0,0
37,-84,-14,-1,8,-63,0,0
37,-84,-14,-1,8,-63,0,0
37,-85,-12,0,9,-69,0,0
37,-85,-12,0,10,-66,0,0
37,-86,-14,1,10,-66,0,0
21,-83,-13,9,10,-66,0,25
21,-83,-13,9,13,-62,13,0
21,-88,-11,-1,10,-76,0,0
21,-88,-11,-1,6,-72,2,4
21,-88,-14,0,6,-72,0,0
21,-88,-14,0,11,-65,2,4
21,-85,-17,0,14,-75,0,0
21,-85,-17,0,10,-84,2,4
21,-94,-16,-7,11,-79,0,0
21,-94,-16,-7,9,-84,0,0
45,-94.5,-18.5,-9,10,-82,0,0
45,-88,-21,-12,7,-80,0,0
45,-88,-21,-12,12,-75,0,0
45,-82,-17,1,12,-75,0,0
45,-82,-17,1,14,-72,0,0
45,-85,-15,-8,6,-77,0,0
49,-85,-15,-8,9.5,-76,0,0
53,-81,-13,4,13,-75,0,0
53,-81,-13,4,15,-78,0,0
53,-82,-11,0,8,-75,0,0
53,-82,-11,0,8,-75,0,0
53,-85,-16,-9,12,-78,0,0
53,-85,-16,-9,8,-74,2,4
55,-84.5,-16.5,-5,8,-74,1,2
55,-84,-17,-1,8,-74,2,4
55,-92,-18,-3,6,-84,0,0
55,-92,-18,-3,6,-94,2,4
55,-100,-19,-8,7,-90,0,1
55,-100,-19,-8,7,-92,0,0
49,-96,-21,-13,8,-94,14037,113
43,-96,-21,-13,8,-94,0,0
43,-97,-25,-14,4,-94,0,0
43,-97,-15,-5,11,-94,0,0
43,-98,-14,-5,11,-94,2,1
43,-98,-14,-5,12,-94,0,0
43,-98,-18,-5,9,-94,2,4
43,-98,-18,-5,12,-94,0,0
43,-97,-16,-6,12,-94,2,4
43,-97,-16,-6,12,-94,0,0
43,-98,-15,-5,12,-94,2,4
43,-98,-15,-5,12,-94,0,0
43,-97,-13,-5,13,-94,0,0
43,-97,-13,-5,13,-94,0,0
43,-98,-14,-6,13,-94,0,0
43,-98,-14,-6,13,-94,0,0
43,-98,-16,-9,13,-94,0,0
43,-98,-16,-9,13,-94,0,0
43,-100,-17,-7,13,-94,0,0
43,-100,-17,-7,11,-94,0,0
43,-100,-17,-4,10,-94,15,26
43,-100,-17,-4,15,-89,0,0
43,-97,-15,-8,9,-94,0,0
43,-97,-15,-8,5,-94,0,0
43,-103,-20,-8,7,-94,0,0
43,-103,-20,-8,7,-94,0,0
44,-103.5,-18.5,-7.5,7,-94,1,2
44,-104,-17,-7,7,-94,0,0
44,-107,-23,-9,7,-94,2,4
44,-107,-23,-9,2,-94,0,0
44,-93,-9,5,2,-94,2,4
44,-93,-9,5,2,-78,0,0
49.5,-91,-6,6,6,-74,0,0
55,-91,-6,6,6,-74,0,0
55,-91,-8,7,6,-74,0,0
55,-91,-8,7,6,-71,0,0
55,-80,-8,16,6,-71,8506,189
55,-80,-8,16,15,-54,7078,142
54,-73,-11,23,11,-56,0,0
54,-73,-11,23,1,-62,0,0
54,-77,-12,8,1,-62,0,0
54,-77,-12,8,11,-69,0,0
54,-88,-14,2,11,-69,0,0
56,-88,-14,2,5,-72,2,4
58,-93,-17,-6,7,-76,0,1
58,-93,-17,-6,8,-78,134,70
58,-86,-12,-6,8,-78,23,14
58,-86,-12,-6,6,-68,2,4
58,-85,-7,6,6,-68,0,0
58,-85,-7,6,6,-68,0,0
56,-84,-9,9,9,-65,138,54
56,-83,-11,12,12,-63,0,0
56,-81,-7,9,12,-63,0,0
56,-81,-7,9,12,-63,23,4
56,-80,-10,8,12,-61,27,11
56,-80,-10,8,11,-63,0,0
55.5,-81,-12,13,11,-63,0,0
55,-81,-12,13,13,-65,0,0
55,-82,-10,12,11,-68,0,0
55,-82,-10,12,11,-68,0,0
55,-79,-9,11,15,-62,0,0
55,-79,-9,11,15,-60,0,0
55,-79,-12,17,15,-60,0,0
54,-79,-12,17,15,-60,1,2
54,-76,-9,12,15,-57,0,0
54,-76,-9,12,15,-57,2,4
54,-73,-6,12,15,-57,0,0
54,-73,-6,12,15,-57,2,4
54,-74,-9,11,15,-57,0,0
54,-74,-9,11,15,-57,6,9
54,-71,-12,13,15,-54,28,9
54,-71,-12,13,9,-56,0,0
37.5,-76,-9,12,10,-59,0,0
21,-76,-9,12,10,-59,0,0
21,-77,-7,11,14,-61,15,26
21,-77,-7,11,11,-59,0,0
21,-79,-11,12,11,-59,0,0
21,-79,-11,12,13,-62,5641,127
21,-81,-11,14,11,-62,4525,110
21,-81,-11,14,11,-60,3689,77
21,-77,-12,13,11,-60,2647,52
21,-77,-12,13,11,-60,0,0
21,-74,-7,15,11,-60,0,0
21,-74,-7,15,10,-65,0,0
21,-74,-8,13,15,-63,2,4
21,-74,-8,13,15,-54,0,0
21,-76,-11,12,15,-57,2,4
21,-76,-11,12,11,-63,0,0
21,-79,-12,13,12,-69,0,0
21,-79,-12,13,12,-69,0,0
21,-83,-12,5,12,-69,0,0
21,-83,-12,5,9,-66,0,0
21,-88,-12,8,11,-71,0,0
22.5,-88,-12,8,11,-63,0,0
24,-85,-12,4,15,-67,0,0
24,-85,-12,4,13,-62,0,0
24,-81,-7,11,15,-64,0,0
24,-81,-7,11,15,-64,0,0
24,-80,-6,11,15,-64,0,0
24,-80,-6,11,15,-64,0,0
24,-79,-8,11,15,-62,0,0
24,-79,-8,11,15,-62,0,0
24,-85,-10,9,13,-65,2,4
24,-85,-10,9,13,-65,0,0
24,-82,-12,11,13,-65,2,4
24,-82,-12,11,13,-65,0,0
24,-82,-7,6,13,-65,2,4
24,-82,-7,6,13,-65,0,0
24,-81,-6,15,13,-65,0,0
24,-81,-6,15,13,-65,0,0
24,-81,-6,8,13,-65,0,0
24,-81,-6,8,13,-65,0,0
24,-81,-8,9,13,-65,0,0
24,-81,-8,9,14,-61,0,0
24,-89,-9,7,14,-61,0,0
24,-89,-9,7,9,-72,0,0
24,-84,-11,8,9,-72,0,0
24,-84,-11,8,12,-74,0,0
24,-91,-11,7,12,-74,0,0
24,-91,-11,7,12,-74,0,0
24,-91,-12,9,12,-74,0,0
24,-91,-12,9,12,-74,5904,129
24,-91,-12,8,12,-76,8080,160
24,-91,-12,8,12,-74,5561,121
24,-91,-12,8,12,-74,2531,48
24,-91,-12,8,12,-74,2,4
24,-92,-9,7,12,-74,0,0
24,-92,-9,7,12,-74,0,0
24,-90,-10,8,12,-74,0,0
8,-87,-8,8,12,-69,14,26
8,-87,-8,8,12,-69,0,0
8,-84,-6,14,12,-67,0,0
8,-84,-6,14,12,-67,0,0
8,-84,-6,10,12,-67,0,0
8,-84,-6,10,12,-67,0,0
8,-88,-11,5,15,-70,0,0
8,-88,-11,5,15,-66,0,0
8,-84,-7,14,15,-66,57,34
8,-84,-7,14,15,-69,79,15
8,-84,-7,10,15,-66,0,0
8,-84,-7,10,15,-66,2,4
8,-79,-9,16,15,-66,0,0
8,-79,-9,16,15,-66,2,4
8,-84,-10,9,15,-66,0,0
8,-84,-10,9,15,-66,2,4
8,-77,-6,11,12,-60,0,0
8,-77,-6,11,12,-60,0,0
8,-80,-12,10,12,-60,0,0
8,-80,-12,10,15,-65,0,0
8,-79,-11,12,15,-62,0,0
8,-79,-11,12,15,-62,0,0
8,-82,-11,8,15,-62,0,0
8,-82,-11,8,15,-65,0,0
8,-80,-10,11,15,-65,0,0
8,-80,-10,11,15,-65,0,0
8,-79,-6,10,15,-62,0,0
8,-79,-6,10,15,-62,0,0
8,-80,-9,10,15,-62,0,0
8,-80,-9,10,15,-62,0,0
8,-81,-11,7,15,-62,0,0
8,-81,-11,7,15,-64,2,4
8,-78,-11,16,14,-61,3,12
8,-78,-11,16,14,-61,2,4
8,-80,-12,15,12,-63,2,4
8,-80,-12,15,12,-63,3703,70
8,-81,-8,7,14,-65,9802,189
8,-81,-8,7,14,-65,10521,182
8,-81,-13,13,14,-65,0,0
8,-81,-13,13,14,-65,0,0
8,-82,-12,8,14,-65,0,0
8,-82,-12,8,14,-65,0,0
8,-82,-8,8,14,-65,0,0
8,-82,-8,8,14,-65,0,0
8,-82,-9,10,14,-65,0,0
8,-82,-9,10,14,-65,0,0
8,-82,-8,8,14,-65,0,0
8,-82,-8,8,14,-65,0,0
8,-81,-10,8,14,-65,0,0
8,-81,-10,8,14,-65,0,0
8,-81,-13,10,14,-65,2,4
8,-81,-13,10,14,-65,0,0
8,-82,-13,13,14,-65,2,4
8,-82,-13,13,14,-65,0,0
8,-82,-8,12,14,-65,2,4
8,-82,-8,12,9,-67,0,0
8,-84,-12,11,13,-63,17,26
8,-84,-12,11,13,-63,0,0
8,-81,-10,9,13,-66,0,0
8,-81,-10,9,13,-66,0,0
8,-81,-12,4,12,-64,0,0
8,-81,-12,4,12,-64,0,0
8,-82,-12,2,12,-64,0,0
8,-82,-12,2,12,-64,102,25
8,-81,-12,6,12,-64,2,1
8,-81,-12,6,12,-64,58,20
8,-82,-13,8,12,-64,0,0
8,-82,-13,8,12,-64,0,0
8,-82,-9,11,12,-64,0,0
8,-82,-9,11,12,-64,0,0
8,-81,-9,6,12,-64,3,7
8,-81,-9,6,12,-64,0,0
8,-82,-12,6,12,-64,2,4
8,-82,-12,6,12,-64,0,0
8,-84,-10,3,9,-66,5,10
8,-84,-10,3,9,-66,3,6
8,-84,-12,2,9,-66,29,3
8,-84,-12,2,13,-68,0,3
8,-83,-8,9,12,-66,12,3
8,-83,-8,9,12,-66,0,0
8,-82,-12,13,12,-66,0,0
8,-82,-12,13,12,-66,0,2
8,-82,-13,9,12,-66,1,1
8,-82,-13,9,12,-66,1,1
8,-83,-13,6,12,-66,0,0
8,-83,-13,6,12,-66,0,0
8,-83,-13,23,12,-66,0,0
8,-83,-13,23,12,-66,0,0
8,-83,-13,7,12,-66,0,1
8,-83,-13,7,12,-66,3,7
8,-82,-13,7,12,-66,0,0
8,-82,-13,7,12,-66,2,4
8,-82,-13,13,12,-66,5976,132
8,-82,-13,13,12,-66,4983,123
8,-83,-12,9,12,-66,2938,65
8,-83,-12,9,12,-64,303,13
8,-81,-12,13,12,-64,0,0
8,-81,-12,13,12,-64,0,0
8,-82,-13,6,12,-64,0,0
8,-82,-13,6,12,-64,0,0
8,-82,-13,6,12,-64,0,0
8,-82,-13,6,12,-64,0,0
8,-82,-13,4,12,-64,1,2
8,-82,-13,4,12,-64,0,0
8,-82,-13,6,12,-64,1,1
8,-82,-13,6,12,-64,0,0
8,-82,-10,5,12,-64,0,0
8,-82,-10,5,12,-64,0,0
8,-81,-11,13,12,-64,0,0
8,-81,-11,13,12,-64,2,4
8,-82,-13,13,12,-64,0,0
8,-82,-13,13,12,-64,17,31
8,-82,-12,13,12,-64,0,0
8,-82,-12,13,12,-64,2,4
8,-81,-12,9,12,-64,0,0
8,-81,-12,9,12,-64,0,0
8,-81,-12,13,12,-64,0,0
8,-81,-12,13,12,-62,0,0
8,-80,-12,8,12,-62,0,0
8,-80,-12,8,13,-64,0,11
8,-81,-12,5,13,-64,0,0
8,-81,-12,5,13,-64,0,0
8,-81,-11,6,13,-64,0,0
8,-81,-11,6,13,-64,0,0
8,-81,-12,13,13,-64,0,0
8,-81,-12,13,13,-64,0,0
8,-81,-13,12,13,-64,0,0
8,-81,-13,12,13,-64,0,0
8,-80,-12,13,13,-64,2,5
8,-80,-12,13,13,-64,0,0
8,-81,-9,12,13,-64,2,4
8,-81,-9,12,13,-64,0,0
8,-81,-8,12,13,-64,2,5
8,-81,-8,12,13,-64,0,0
8,-80,-11,12,14,-62,1,1
8,-80,-11,12,14,-62,0,0
8,-81,-8,12,14,-62,0,0
8,-81,-8,12,14,-62,7508,134
8,-79,-11,12,14,-62,10682,167
8,-79,-11,12,14,-62,0,0
8,-81,-8,13,13,-64,2,2
8,-81,-8,13,13,-64,0,0
8,-80,-8,23,13,-64,0,0
8,-80,-8,23,13,-64,0,0
8,-81,-9,17,13,-64,0,0
8,-81,-9,17,13,-64,0,0
8,-81,-9,8,13,-64,0,0
8,-81,-9,8,13,-64,1,2
8,-81,-8,12,13,-64,2,4
8,-81,-8,12,13,-64,0,0
8,-81,-8,13,13,-64,2,4
8,-81,-8,13,13,-64,2,4
8,-81,-7,14,13,-64,0,0
8,-81,-7,14,13,-64,0,0
8,-81,-8,7,13,-64,0,0
8,-81,-8,7,13,-64,0,0
8,-80,-10,13,13,-64,11,1
8,-80,-10,13,13,-64,0,0
8,-79,-11,13,13,-64,0,0
8,-79,-11,13,14,-62,0,0
8,-79,-9,13,14,-62,0,0
8,-79,-9,13,14,-62,0,0
8,-81,-8,9,14,-62,0,0
8,-81,-8,9,15,-64,0,0
8,-80,-10,22,15,-64,0,0
8,-80,-10,22,15,-64,0,0
8,-79,-8,9,14,-62,0,0
8,-79,-8,9,13,-65,18,37
8,-81,-10,12,13,-65,15,15
8,-81,-10,12,13,-65,2,4
8,-82,-8,13,13,-65,0,0
8,-82,-8,13,13,-65,2,4
8,-82,-7,12,12,-63,0,0
8,-82,-7,12,12,-63,0,0
8,-79,-8,12,12,-63,0,0
8,-79,-8,12,12,-63,0,0
8,-81,-7,7,12,-63,0,0
8,-81,-7,7,12,-63,0,0
8,-80,-8,11,12,-63,0,0
8,-80,-8,11,12,-63,0,0
8,-81,-9,12,12,-63,5680,126
8,-81,-9,12,12,-63,8961,186
8,-81,-13,7,12,-63,523,9
8,-81,-13,7,12,-63,0,0
8,-80,-12,9,12,-63,0,0
8,-80,-12,9,12,-63,1,0
8,-81,-10,11,12,-63,0,0
8,-81,-10,11,12,-63,2,5
8,-81,-9,12,12,-63,0,0
8,-81,-9,12,12,-63,2,4
8,-81,-9,10,12,-63,2,4
8,-81,-9,10,12,-63,0,0
8,-81,-9,10,12,-63,0,0
8,-81,-9,10,12,-63,1,1
8,-81,-11,19,12,-63,0,0
8,-81,-11,19,11,-65,0,0
8,-81,-11,10,11,-65,0,0
8,-81,-11,10,11,-65,0,0
8,-82,-9,9,11,-65,0,0
8,-82,-9,9,11,-65,0,0
8,-80,-12,10,11,-65,0,0
8,-80,-12,10,11,-65,0,0
8,-81,-9,11,11,-65,0,0
8,-81,-9,11,11,-65,0,0
8,-81,-9,14,11,-65,0,0
8,-81,-9,14,14,-63,0,0
8,-80,-11,11,14,-63,2,4
8,-80,-11,11,14,-63,0,0
8,-81,-10,9,14,-63,2,4
8,-81,-10,9,14,-63,0,0
8,-80,-9,12,14,-63,2,4
8,-80,-9,12,14,-63,0,0
8,-80,-7,15,14,-63,0,0
8,-80,-7,15,14,-63,0,0
8,-80,-11,7,14,-63,0,0
8,-80,-11,7,14,-63,0,0
8,-81,-9,26,14,-63,0,0
8,-81,-9,26,14,-63,0,0
8,-79,-10,13,14,-63,0,0
8,-79,-10,13,14,-63,0,0
8,-79,-8,11,14,-63,0,0
8,-79,-8,11,14,-63,0,0
8,-79,-9,10,14,-63,0,0
8,-79,-9,10,14,-63,1251,61
8,-79,-13,13,14,-63,6420,147
8,-79,-13,13,14,-63,4656,105
8,-80,-12,14,14,-63,4044,83
8,-80,-12,14,14,-63,0,0
8,-79,-12,13,14,-63,2,4
8,-79,-12,13,14,-63,2,4
8,-80,-13,13,14,-63,0,0
8,-80,-13,13,14,-63,0,0
8,-81,-13,13,14,-63,0,0
8,-81,-13,13,14,-63,0,0
8,-81,-12,18,14,-63,0,0
8,-81,-12,18,14,-63,0,0
8,-81,-13,12,14,-63,0,0
8,-81,-13,12,14,-63,0,0
8,-80,-13,12,14,-63,0,0
8,-80,-13,12,14,-63,0,0
8,-80,-13,12,14,-63,0,0
8,-80,-13,12,14,-63,0,0
8,-80,-13,16,14,-63,0,0
8,-80,-13,16,14,-63,0,0
8,-80,-13,18,14,-63,0,0
8,-80,-13,18,14,-63,2,5
8,-80,-11,11,14,-63,0,0
8,-80,-11,11,14,-63,2,4
8,-81,-12,11,14,-63,0,0
8,-81,-12,11,14,-63,2,4
8,-80,-9,12,14,-63,0,0
8,-80,-9,12,14,-63,0,0
8,-81,-12,17,14,-63,0,0
8,-81,-12,17,14,-63,0,0
8,-81,-13,13,14,-63,0,0
8,-81,-13,13,14,-63,0,0
8,-81,-13,11,14,-63,0,0
8,-81,-13,11,14,-63,0,0
8,-80,-13,13,14,-63,0,0
8,-80,-13,13,14,-63,0,0
8,-80,-11,12,14,-63,0,0
8,-80,-11,12,14,-63,0,0
8,-80,-11,10,14,-63,0,0
8,-80,-11,10,14,-63,0,0
8,-80,-12,18,14,-63,0,0
8,-80,-12,18,14,-63,2,4
8,-80,-13,13,14,-63,0,0
8,-80,-13,13,14,-63,0,0
8,-80,-12,11,14,-63,4819,104
8,-80,-12,11,14,-63,5288,132
8,-80,-12,10,14,-63,2762,73
8,-80,-12,10,14,-63,3241,82
8,-80,-12,10,14,-63,3342,75
8,-80,-12,10,14,-63,1301,20
8,-80,-13,14,14,-63,0,0
8,-80,-13,14,14,-63,0,0
8,-81,-13,6,14,-63,0,0
8,-81,-13,6,14,-63,0,0
8,-81,-12,17,14,-63,1,25
8,-81,-12,17,14,-63,14,0
8,-80,-8,19,14,-63,0,0
8,-80,-8,19,14,-63,0,0
8,-80,-12,21,14,-63,0,0
8,-80,-12,21,14,-63,0,0
8,-80,-8,14,14,-63,2,4
8,-80,-8,14,14,-63,0,0
8,-79,-13,11,14,-63,2,4
8,-79,-13,11,14,-63,0,0
8,-79,-13,14,13,-61,2,4
8,-79,-13,14,13,-61,0,0
8,-78,-10,16,13,-61,0,0
8,-78,-10,16,13,-61,0,0
8,-79,-9,16,13,-61,0,0
8,-79,-9,16,13,-61,0,0
8,-79,-7,28,13,-61,0,0
8,-79,-7,28,13,-61,0,0
8,-80,-8,8,14,-63,0,0
8,-80,-8,8,14,-63,0,0
8,-80,-12,9,14,-63,0,0
8,-80,-12,9,14,-63,0,0
8,-80,-10,16,14,-63,0,0
8,-80,-10,16,14,-63,0,0
8,-81,-12,9,14,-63,0,0
8,-81,-12,9,14,-63,0,0
8,-81,-12,11,14,-63,2,4
8,-81,-12,11,14,-63,2,4
8,-81,-9,14,14,-63,0,0
8,-81,-9,14,14,-63,2,4
8,-80,-9,16,14,-63,0,0
8,-80,-9,16,14,-63,0,0
8,-80,-9,11,14,-63,0,0
8,-80,-9,11,14,-63,0,0
8,-79,-8,10,14,-63,0,0
8,-79,-8,10,14,-63,0,0
8,-80,-10,11,14,-63,0,0
8,-80,-10,11,14,-63,8573,170
8,-79,-12,11,14,-63,5351,123
8,-79,-12,11,14,-63,4707,88
8,-81,-10,4,14,-63,0,0
8,-81,-10,4,14,-63,0,0
8,-81,-9,7,14,-63,0,0
8,-81,-9,7,14,-63,0,0
8,-80,-8,11,14,-63,0,0
8,-80,-8,11,14,-63,2,4
8,-80,-12,15,14,-63,0,0
8,-80,-12,15,14,-63,2,4
8,-80,-12,13,14,-63,0,0
8,-80,-12,13,14,-63,2,4
8,-80,-9,13,14,-63,0,0
8,-80,-9,13,14,-63,0,0
8,-80,-8,13,14,-63,0,0
8,-80,-8,13,14,-63,0,0
8,-80,-9,10,14,-63,0,0
8,-80,-9,10,14,-63,0,0
8,-80,-11,16,14,-63,15,26
8,-80,-11,16,14,-63,0,0
8,-81,-10,20,14,-63,0,0
8,-81,-10,20,14,-63,0,0
8,-80,-12,12,14,-63,0,0
8,-80,-12,12,14,-63,0,0
8,-80,-12,12,10,-65,0,0
8,-80,-12,12,10,-65,0,0
8,-82,-13,3,12,-67,0,0
8,-82,-13,3,12,-67,0,0
8,-83,-12,10,9,-65,2,4
8,-83,-12,10,9,-65,0,0
8,-83,-12,8,9,-65,2,4
8,-83,-12,8,9,-65,0,0
8,-82,-11,16,9,-65,0,0
8,-82,-11,16,9,-65,0,0
8,-83,-12,8,9,-65,0,0
8,-83,-12,8,9,-65,0,0
8,-83,-8,15,9,-65,0,0
8,-83,-8,15,9,-65,0,0
8,-83,-10,11,8,-67,0,0
8,-83,-10,11,8,-67,0,0
8,-85,-7,12,8,-67,0,0
8,-85,-7,12,8,-67,0,0
8,-85,-11,6,8,-67,0,0
8,-85,-11,6,8,-67,6786,145
8,-83,-9,11,8,-67,1085,16
8,-83,-9,11,8,-67,0,0
8,-85,-9,11,8,-67,2,4
8,-85,-9,11,8,-70,0,0
8,-85,-7,7,15,-68,2,4
8,-85,-7,7,15,-68,0,0
8,-84,-10,12,9,-65,2,4
8,-84,-10,12,13,-69,0,0
8,-83,-8,7,9,-66,0,0
8,-83,-8,7,9,-68,0,0
8,-86,-8,10,9,-68,0,0
8,-86,-8,10,9,-68,0,0
8,-91,-11,3,12,-71,0,0
8,-91,-11,3,12,-71,0,0
8,-84,-10,16,11,-68,32,15
8,-84,-10,16,11,-68,0,0
8,-83,-13,11,11,-66,0,0
8,-83,-13,11,11,-66,0,0
8,-83,-11,13,11,-66,0,0
8,-83,-11,13,11,-66,0,0
8,-84,-11,6,11,-66,0,0
8,-84,-11,6,11,-66,0,0
8,-84,-11,6,11,-66,0,0
8,-84,-11,6,11,-66,2,4
8,-84,-12,3,11,-66,0,0
8,-84,-12,3,11,-66,2,4
8,-84,-13,6,11,-66,0,0
8,-84,-13,6,11,-66,0,0
8,-84,-12,7,11,-66,0,0
8,-84,-12,7,11,-66,0,0
8,-84,-12,4,8,-68,15,26
8,-84,-12,4,8,-68,2,0
8,-85,-12,12,8,-68,0,0
8,-85,-12,12,8,-68,0,0
8,-84,-12,7,8,-68,0,0
8,-84,-12,7,8,-68,0,0
8,-84,-12,9,8,-68,0,0
8,-84,-12,9,8,-68,0,0
8,-86,-10,13,8,-68,0,0
8,-86,-10,13,8,-68,0,0
8,-86,-13,13,8,-68,0,0
8,-86,-13,13,8,-68,1862,59
8,-85,-12,15,8,-68,2979,71
8,-85,-12,15,8,-68,6747,135
8,-85,-12,11,8,-68,3138,90
8,-85,-12,11,8,-68,914,46
8,-85,-12,11,8,-68,0,0
8,-85,-12,11,11,-66,0,0
8,-83,-12,15,11,-66,0,0
8,-83,-12,15,11,-66,0,0
8,-84,-12,16,11,-66,0,0
8,-84,-12,16,11,-66,0,0
8,-84,-12,13,11,-66,0,0
8,-84,-12,13,11,-66,0,0
8,-84,-13,12,11,-66,0,0
8,-84,-13,12,15,-64,0,0
8,-85,-13,5,15,-64,3,3
8,-85,-13,5,13,-67,0,2
8,-84,-13,6,13,-67,0,0
8,-84,-13,6,13,-67,0,1
8,-84,-12,13,13,-67,0,0
8,-84,-12,13,13,-67,2,4
8,-84,-13,3,13,-67,2,4
8,-84,-13,3,13,-67,0,1
8,-85,-12,5,13,-67,2,4
8,-85,-12,5,11,-69,0,0
8,-86,-11,10,11,-69,0,0
8,-86,-11,10,11,-69,0,0
8,-85,-12,7,11,-69,0,0
8,-85,-12,7,11,-69,0,0
8,-86,-9,13,11,-69,0,0
8,-86,-9,13,11,-69,0,0
8,-87,-13,12,11,-69,0,0
8,-87,-13,12,11,-69,0,0
8,-85,-12,7,11,-69,0,0
8,-85,-12,7,11,-69,0,0
8,-84,-12,9,11,-69,0,2
8,-84,-12,9,11,-69,0,0
8,-86,-12,6,11,-69,0,0
8,-86,-12,6,11,-69,0,0
8,-84,-11,6,14,-67,2,4
8,-84,-11,6,14,-67,0,0
8,-84,-9,19,14,-67,13,5
8,-84,-9,19,14,-67,0,0
8,-86,-10,9,11,-69,2,4
8,-86,-10,9,11,-69,15,26
8,-86,-13,6,11,-69,0,0
8,-86,-13,6,11,-69,0,0
8,-86,-13,5,11,-69,0,0
8,-86,-13,5,11,-69,0,0
8,-86,-13,12,11,-69,0,0
8,-86,-13,12,11,-69,0,0
8,-85,-13,6,11,-69,0,0
8,-85,-13,6,11,-69,0,0
8,-85,-13,4,11,-69,0,0
8,-85,-13,4,12,-67,0,0
8,-84,-11,10,12,-67,0,0
8,-84,-11,10,12,-67,0,0
8,-84,-11,7,12,-67,0,0
8,-84,-11,7,12,-67,79,39
8,-85,-11,12,12,-67,1,0
8,-85,-11,12,12,-67,3,5
8,-84,-11,6,12,-67,0,0
8,-84,-11,6,12,-67,2,4
8,-83,-9,4,12,-67,0,0
8,-83,-9,4,12,-67,0,0
8,-85,-12,8,12,-67,0,0
8,-85,-12,8,12,-67,0,0
8,-84,-13,4,12,-67,0,0
8,-84,-13,4,12,-67,0,0
8,-84,-12,5,12,-67,0,0
8,-84,-12,5,12,-67,0,0
8,-84,-9,1,12,-67,0,0
8,-84,-9,1,12,-67,0,0
8,-84,-12,12,12,-67,0,0
8,-84,-12,12,12,-67,0,0
8,-84,-13,14,12,-67,0,0
8,-84,-13,14,12,-67,0,0
8,-83,-9,4,12,-67,0,0
8,-83,-9,4,12,-67,4,6
8,-84,-12,4,12,-67,0,0
8,-84,-12,4,12,-67,2,4
8,-83,-13,5,12,-67,0,0
8,-83,-13,5,12,-67,3,5
8,-84,-12,4,12,-67,0,0
8,-84,-12,4,12,-67,0,0
8,-83,-9,12,12,-67,0,0
8,-83,-9,12,12,-67,0,0
8,-83,-10,13,12,-67,0,0
8,-83,-10,13,12,-67,0,0
8,-84,-8,7,12,-67,0,0
8,-84,-8,7,12,-67,0,0
8,-83,-12,10,12,-67,0,0
8,-83,-12,10,12,-67,0,0
8,-83,-12,13,12,-67,0,0
8,-83,-12,13,12,-67,0,0
8,-84,-12,8,12,-67,0,0
8,-84,-12,8,12,-67,0,0
8,-85,-12,11,12,-67,2,4
8,-85,-12,11,12,-67,0,0
8,-85,-11,9,12,-67,2,4
8,-85,-11,9,12,-67,15,26
8,-83,-12,6,12,-67,2,4
8,-83,-12,6,12,-67,0,0
8,-83,-11,13,12,-67,0,0
8,-83,-11,13,12,-67,0,0
8,-84,-11,5,12,-67,0,0
8,-84,-11,5,12,-67,0,0
8,-85,-13,24,12,-67,0,0
8,-85,-13,24,12,-67,0,0
8,-85,-8,8,12,-67,0,0
8,-85,-8,8,10,-69,0,0
8,-85,-13,16,10,-69,0,0
8,-85,-13,16,10,-69,0,0
8,-84,-13,5,15,-67,0,0
8,-84,-13,5,15,-67,0,0
8,-85,-13,12,15,-67,0,0
8,-85,-13,12,15,-67,0,0
8,-85,-12,10,15,-67,2,4
8,-85,-12,10,15,-67,0,0
8,-84,-10,21,15,-67,2,4
8,-84,-10,21,15,-67,0,0
8,-84,-9,9,15,-67,0,0
8,-84,-9,9,15,-67,0,0
8,-85,-12,12,15,-67,0,0
8,-85,-12,12,15,-67,0,0
8,-85,-10,5,15,-67,0,0
8,-85,-10,5,15,-67,0,0
8,-84,-8,24,15,-67,0,0
8,-84,-8,24,15,-67,0,0
8,-83,-11,5,15,-67,0,0
8,-83,-11,5,15,-67,0,0
8,-83,-11,7,15,-67,0,0
8,-83,-11,7,15,-67,0,0
8,-83,-11,6,15,-67,0,0
8,-83,-11,6,15,-67,0,0
8,-83,-10,5,15,-67,0,0
8,-83,-10,5,15,-67,2,4
8,-84,-10,8,15,-67,1,0
8,-84,-10,8,15,-67,2,5
8,-84,-11,4,15,-67,0,0
8,-84,-11,4,15,-67,2,4
8,-84,-7,23,15,-67,0,0
8,-84,-7,23,15,-67,0,0
8,-84,-10,22,15,-67,0,0
8,-84,-10,22,15,-67,0,0
8,-84,-13,13,15,-67,0,0
8,-84,-13,13,15,-67,0,0
8,-84,-13,11,15,-67,0,0
8,-84,-13,11,15,-67,0,0
8,-85,-13,12,15,-67,0,0
8,-85,-13,12,15,-67,0,0
8,-84,-12,14,15,-67,0,0
8,-84,-12,14,15,-67,0,0
8,-84,-12,7,15,-67,0,0
8,-84,-12,7,15,-67,0,0
8,-85,-12,11,15,-67,0,0
8,-85,-12,11,9,-69,20,11
8,-86,-10,17,9,-69,0,0
8,-86,-10,17,9,-69,2,4
8,-85,-10,13,9,-69,2,4
8,-85,-10,13,9,-69,0,0
8,-85,-10,15,9,-69,0,0
8,-85,-10,15,9,-69,0,0
8,-85,-10,7,9,-69,0,0
8,-85,-10,7,9,-69,0,0
8,-85,-9,7,9,-69,0,0
8,-85,-9,7,9,-69,0,0
8,-83,-11,8,9,-66,0,0
8,-83,-11,8,9,-66,0,0
8,-84,-10,12,9,-66,15,25
8,-84,-10,12,9,-66,0,0
8,-84,-9,15,9,-66,0,0
8,-84,-9,15,14,-69,0,0
8,-85,-9,8,14,-69,0,0
8,-85,-9,8,14,-69,0,0
8,-84,-12,6,11,-67,2,4
8,-84,-12,6,11,-67,0,0
8,-83,-9,14,11,-67,2,4
8,-83,-9,14,11,-67,0,0
8,-83,-9,13,11,-67,2,4
8,-83,-9,13,11,-67,1260,153
8,-82,-7,16,11,-67,560,28
8,-82,-7,16,11,-67,1960,34
8,-84,-9,6,11,-67,0,0
8,-84,-9,6,11,-67,0,0
8,-84,-8,6,11,-67,0,1
8,-84,-8,6,11,-67,0,0
8,-83,-8,12,11,-67,101,62
8,-83,-8,12,11,-67,0,0
8,-84,-10,5,11,-67,0,0
8,-84,-10,5,11,-67,0,0
8,-84,-7,7,11,-67,0,0
8,-84,-7,7,11,-67,55,18
8,-83,-8,10,11,-67,0,0
8,-83,-8,10,11,-67,0,0
8,-85,-8,12,11,-67,3,5
8,-85,-8,12,11,-67,0,0
8,-86,-10,13,10,-69,2,5
8,-86,-10,13,10,-69,15,27
8,-84,-12,5,12,-67,14,16
8,-84,-12,5,12,-67,0,0
8,-85,-12,6,12,-67,0,0
8,-85,-12,6,12,-67,0,0
8,-85,-7,2,12,-67,0,0
8,-85,-7,2,12,-67,0,0
8,-86,-10,14,12,-67,0,0
8,-86,-10,14,12,-67,0,0
8,-85,-8,13,12,-67,0,0
8,-85,-8,13,12,-67,0,0
8,-83,-11,8,12,-67,0,0
8,-83,-11,8,12,-67,0,0
8,-83,-9,8,12,-67,14,26
8,-83,-9,8,12,-67,0,0
8,-84,-11,23,12,-67,0,0
8,-84,-11,23,12,-67,2,4
8,-85,-7,22,12,-67,0,0
8,-85,-7,22,12,-67,2,4
8,-85,-8,21,12,-67,0,0
8,-85,-8,21,11,-69,2,5
8,-83,-11,5,11,-67,0,0
8,-83,-11,5,11,-67,0,0
8,-84,-9,18,11,-67,0,0
8,-84,-9,18,11,-67,0,0
8,-84,-10,8,11,-67,0,0
8,-84,-10,8,11,-67,0,0
8,-83,-12,13,11,-67,0,0
8,-83,-12,13,11,-67,0,0
8,-84,-10,4,11,-67,0,0
8,-84,-10,4,11,-67,0,0
8,-85,-13,4,11,-67,0,0
8,-85,-13,4,11,-67,0,0
8,-84,-10,10,11,-67,0,0
8,-84,-10,10,11,-67,0,0
8,-85,-9,14,11,-67,0,0
8,-85,-9,14,11,-67,2,4
8,-84,-12,13,11,-67,0,0
8,-84,-12,13,11,-67,3,5
8,-86,-12,6,11,-67,1,0
8,-86,-12,6,11,-67,2,4
8,-84,-12,7,11,-67,0,0
8,-84,-12,7,11,-67,0,0
8,-84,-12,3,11,-67,0,0
8,-84,-12,3,11,-67,0,0
8,-84,-12,6,11,-67,0,0
8,-84,-12,6,11,-67,0,0
8,-84,-12,16,11,-67,0,0
8,-84,-12,16,11,-67,0,0
8,-86,-12,2,13,-69,0,0
8,-86,-12,2,13,-69,15,28
8,-88,-13,3,13,-69,2957,946
8,-88,-13,3,13,-69,8836,452
8,-87,-12,3,13,-69,3576,163
8,-87,-12,3,13,-69,1418,65
8,-84,-12,2,11,-67,15,0
8,-84,-12,2,11,-67,0,0
8,-84,-12,2,11,-67,0,0
0,-82,-7.5,13,12,-65,8,3
0,-82,-7,15,8,-67,1,2
0,-81,-8,15,8,-67,0,0
0,-81,-8,15,11,-64,9,12
0,-83,-6,14,11,-64,49,14
0,-83,-6,14,11,-70,411,221
0,-87,-9,10,11,-70,238,138
0,-87,-9,10,11,-70,2,4
0,-85,-9,11,11,-70,7956,402
0,-85,-9,11,8,-73,14161,564
0,-88,-9,9,8,-71,15649,708
0,-88,-9,9,8,-71,12365,287
0,-89,-11,10,8,-71,7118,235
0,-89,-11,10,8,-71,5975,194
0,-88,-11,8,8,-71,5639,145
0,-88,-11,8,8,-71,9562,177
0,-87,-11,12,10,-68,10138,258
0,-87,-11,12,10,-68,5064,135
0,-85,-12,9,10,-68,8394,141
0,-85,-12,9,10,-68,4998,104
0,-83,-12,9,9,-66,5001,101
0,-83,-12,9,8,-69,6387,138
0,-89,-11,9,9,-72,9713,165
0,-89,-11,9,9,-72,7118,145
0,-90,-9,10,9,-72,7368,142
0,-90,-9,10,11,-74,2459,52
0,-93,-13,7,8,-76,3683,112
0,-93,-13,7,8,-76,2938,65
0,-94,-13,3,8,-76,3533,108
20,-94,-13,3,8,-76,2921,73
40,-96,-12,6,8,-83,6068,129
40,-100,-13,4,8,-83,3883,88
40,-100,-13,4,8,-83,1016,20
40,-99,-14,-7,7,-80,2593,68
40,-99,-14,-7,10,-82,4005,97
41,-99,-14,-3,10,-82,2796,54
42,-99,-14,-3,6,-80,5678,112
42,-97,-13,1,7,-82,3511,71
42,-97,-13,1,9,-79,0,0
42,-96,-8,2,9,-79,0,0
42,-96,-8,2,6,-77,0,0
42,-95,-14,1,6,-77,2,4
42,-95,-14,1,6,-75,0,0
42,-93,-13,13,6,-75,3,5
42,-93,-13,13,5,-77,0,0
42,-88,-10,7,14,-71,2,4
42,-88,-10,7,14,-71,0,0
42,-88,-11,3,14,-71,0,0
42,-88,-11,3,14,-71,0,0
42,-89,-11,9,6,-76,0,0
42,-94,-9,5,9,-78,0,0
42,-94,-9,5,9,-78,0,0
42,-95,-13,4,9,-78,0,0
42,-95,-13,4,9,-78,0,0
33.5,-98,-13,-1,8,-80,5149,137
25,-98,-13,-1,9,-79,2338,70
25,-98,-12,0,8,-81,2043,44
25,-98,-12,0,6,-79,5673,130
25,-96,-12,1,7,-83,5851,140
25,-96,-12,1,7,-83,474,12
25,-99,-11,3,7,-83,0,0
25,-99,-11,3,7,-83,2,4
25,-99,-12,-1,7,-83,0,0
25,-99,-12,-1,7,-83,0,0
25,-99,-15,-2,7,-83,0,0
23.5,-99,-15,-2,7,-86,0,0
22,-102,-13,-1,7,-86,0,0
22,-102,-13,-1,7,-86,1,0
22,-105,-14,-3,7,-86,0,0
22,-105,-14,-3,5,-89,0,0
22,-103,-17,-7,6,-88,0,0
22,-103,-17,-7,6,-88,0,0
22,-103,-14,5,9,-86,0,0
48,-103,-14,5,9,-86,0,0
48,-103,-14,5,9,-86,0,0
48,-102,-13,7,9,-86,0,0
48,-102,-13,7,8,-82,2,4
48,-100,-10,-1,8,-82,0,0
48,-100,-10,-1,4,-87,2,4
48,-101,-10,3,9,-84,0,0
51,-101,-10,3,8,-79,2,4
54,-102,-11,7,9,-84,0,0
54,-100,-10,5,7,-83,0,0
54,-100,-10,5,7,-83,0,0
54,-98.5,-10.5,2,7,-80,0,0
54,-97,-11,-1,6,-78,1,0
54,-100,-10,-1,3,-81,0,0
54,-100,-10,-1,5,-83,0,0
54,-102,-13,1,4,-86,0,0
54,-102,-13,1,4,-86,0,0
55,-100,-15,-7,4,-83,1,0
56,-100,-15,-7,4,-83,0,0
56,-105,-17,-12,3,-88,18,32
56,-105,-17,-12,1,-90,0,0
56,-102,-16,-2,4,-86,2,4
56,-102,-16,-2,4,-86,0,0
56,-103,-11,1,4,-86,6,7
61,-105,-12,0,6,-88,3854,90
61,-105,-12,0,7,-93,3470,85
61,-111,-13,-2,6,-94,2819,65
61,-111,-13,-2,8,-91,4962,106
60.5,-108,-14,-2,6,-93,3152,94
60,-108,-14,-2,7,-91,4149,99
60,-108,-13,-1,7,-91,6249,117
60,-108,-13,-1,7,-86,4615,118
60,-103,-12,0,7,-90,3278,82
60,-103,-12,0,5,-86,0,0
60,-106,-13,-1,4,-92,0,0
59,-106,-13,0,7,-89,0,0
59,-106,-13,0,7,-89,0,0
59,-106,-12,1,4,-91,2,4
59,-106,-12,1,4,-91,0,0
59,-109,-11,0,4,-91,2,4
59.5,-109,-11,0,5,-94,0,0
60,-114,-13,-4,5,-94,2,4
60,-114,-13,-4,4,-94,0,0
60,-117,-14,-4,3,-94,0,0
60,-117,-14,-4,4,-94,0,0
61,-112,-14,-2,4,-94,0,0
61,-114,-13,-5,4,-93,0,0
61,-114,-13,-5,5,-89,0,0
61,-106,-10,-3,5,-89,0,0
61,-106,-10,-3,5,-89,0,0
49,-106,-13,-4,5,-87,0,0
49,-105,-11,1,5,-87,2,4
49,-105,-11,1,8,-89,2,4
49,-104,-10,3,5,-87,0,0
46,-103,-11,-3,5,-87,0,0
46,-103,-11,-3,5,-87,0,0
46,-105,-13,-6,6,-85,0,0
46,-105,-13,-6,6,-85,0,0
46,-104,-10,-1,6,-88,0,0
46,-104,-10,-1,8,-94,0,0
47,-111,-11,-3,8,-94,0,0
48,-111,-11,-3,8,-94,0,0
48,-112,-14,-5,7,-94,0,0
48,-112,-14,-5,6,-93,0,0
48,-111,-11,-2,6,-93,0,0
48,-111,-11,-2,6,-93,0,0
48,-101,-11,-6,6,-93,2487,124
48,-101,-11,-6,15,-86,5542,102
44,-102.5,-12,-5,9.5,-90,3002,56.5
44,-104,-13,-4,4,-94,1725,48
44,-107,-14,-8,9,-90,6799,141
44,-107,-14,-8,8,-88,3636,70
44,-109,-13,1,5,-93,0,0
44,-109,-13,1,5,-93,5,8
44,-107,-13,3,7,-88,50,9
44,-107,-13,3,7,-86,0,0
37.5,-104,-13,1,7.5,-87,0,0
31,-104,-13,1,8,-88,0,0
31,-102,-12,10,6,-85,0,0
31,-102,-12,10,6,-85,0,0
31,-100,-12,3,7,-83,0,0
31,-100,-12,3,7,-83,0,0
31,-102,-10,2,7,-83,0,0
31,-102,-10,2,6,-85,0,0
31,-102,-11,1,6,-85,0,0
31,-102,-11,1,6,-85,0,0
31,-102,-11,5,6,-85,0,0
31,-102,-11,5,6,-85,0,0
31,-105,-11,0,6,-85,0,0
31,-105,-11,0,8,-88,2,4
31,-104,-10,3,8,-88,0,0
31,-104,-10,3,8,-88,2,4
31,-105,-9,0,8,-88,0,0
31,-105,-9,0,8,-88,2,4
31,-108,-11,1,8,-92,0,0
31,-108,-11,1,8,-92,0,0
31,-109,-10,1,8,-92,0,0
31,-109,-10,1,8,-92,0,0
31,-109,-10,0,8,-92,0,0
31,-109,-10,0,8,-92,0,0
45,-109,-10,0,8,-92,0,0
45,-110,-10,-6,8,-92,0,0
45,-110,-10,-6,13,-87,0,0
45,-106,-10,6,13,-87,0,0
45,-106,-10,6,13,-87,0,0
45,-104,-9,3,13,-87,0,0
45,-104,-9,3,13,-87,0,0
50,-104,-9,1,13,-87,0,0
55,-104,-9,1,14,-90,0,0
55,-107,-12,11,14,-90,2,4
55,-107,-12,11,15,-86,0,0
55,-102,-7,0,6,-90,2,4
55,-102,-7,0,6,-90,2,1
55,-100,-13,-13,8.5,-80,2,4
55,-100,-13,-13,11,-77,0,15
55,-100,-12,4,6,-83,3788,91
55,-100,-12,4,6,-87,1430,24
55,-108,-16,-6,10,-91,521,9
55,-108,-16,-6,14,-84,5370,90
55,-97,-7,1,9,-82,2929,53
55,-103,-17,-7,6,-86,379,7
55,-103,-17,-7,6,-86,0,0
55,-105,-12,-9,9,-88,111,36
55,-105,-12,-9,9,-88,932,70
55,-106,-13,-7,10,-83,189,4
55,-106,-13,-7,9,-87,534,28
51,-106,-13,-7,9,-87,534,28
51,-104,-13,-5,9,-87,33,0
51,-104,-13,-5,2,-76,11,0
51,-88,-16,22,2,-76,2,4
51,-94,-8,15,14,-74,1709,16
51,-94,-8,15,14,-79,0,0
51,-95,-7,14,14,-79,2,4
46.5,-95,-7,14,14,-81,0,0
42,-98,-13,-7,14,-81,0,0
42,-102,-7,18,14,-81,0,0
42,-102,-7,18,14,-79,0,0
42,-96,-8,14,14,-79,0,0
42,-96,-8,14,15,-76,0,0
42,-100,-8,12,13,-81,0,0
42,-100,-8,12,13,-81,0,0
42,-99,-16,3,13,-81,0,0
37.5,-99,-16,3,14,-78,0,0
33,-98,-10,14,13,-77,0,0
33,-98,-10,14,12,-71,0,0
33,-92,-8,-3,12,-71,0,0
33,-92,-8,-3,15,-78,2,4
33,-96,-14,14,15,-78,0,0
33,-96,-14,14,13,-74,2,4
33,-96,-8,9,14,-79,0,0
33,-96,-8,9,10,-77,2,4
33,-102,-10,-2,15,-80,0,0
33,-102,-10,-2,10,-77,0,0
34,-93,-10,14,14,-74,0,0
35,-93,-10,14,14,-71,0,0
35,-81,-14,19,15,-62,0,0
35,-82,-9,6,14,-65,0,0
35,-93,-9,1,14,-65,0,0
46,-89,-9,5,14,-70,0,0
46,-89,-9,5,12,-66,0,0
46,-90,-8,16,11,-73,0,0
46,-90,-8,16,12,-71,2,4
46,-92,-9,13,13,-64,0,0
46,-92,-9,13,15,-67,2,4
42,-89,-9,15,15,-67,0,0
38,-89,-9,15,15,-65,6842,74
38,-82,-10,10,15,-65,12677,81
38,-82,-10,10,15,-65,0,0
38,-75,-7,9,15,-65,0,0
38,-75,-7,9,14,-62,0,0
38,-78,-8,19,14,-60,0,0
38,-78,-8,19,12,-62,0,2
38,-71,-8,7,14,-58,16,27
39.5,-71,-8,7,15,-56,0,0
41,-74,-7,29,15,-61,0,0
41,-74,-7,29,15,-61,0,0
41,-74,-8,25,15,-59,0,0
41,-74,-8,25,12,-65,0,0
41,-74,-7,8,15,-63,0,0
41,-74,-7,8,15,-55,0,0
41,-77,-7,20,14,-57,2,4
50,-77,-7,20,15,-63,1,2
50,-80,-7,24,12,-61,2,4
50,-80,-7,24,12,-69,0,0
50,-93,-10,-1,15,-80,2,4
50,-93,-10,-1,15,-80,0,0
50,-93,-10,-1,15,-80,0,0
50,-93,-10,-1,15,-80,0,0
49,-91,-11,11,15,-75,0,0
48,-91,-11,11,15,-75,0,0
48,-91,-10,7,15,-70,0,0
48,-87,-9,18,15,-73,0,0
48,-93,-10,-2,15,-73,0,0
48,-93,-10,-2,15,-71,0,0
49,-88.5,-9,4.5,14,-69,0,0
49,-84,-8,11,15,-69,0,0
49,-86,-8,5,10,-73,0,0
49,-86,-8,5,11,-68,0,0
49,-86,-8,8,11,-68,2,4
49,-86,-8,8,15,-72,0,0
49,-93,-9,9,10,-76,2,4
48,-93,-9,9,15,-80,0,0
47,-96,-11,2,15,-80,2,4
47,-96,-11,2,15,-80,0,0
47,-92,-11,2,15,-82,0,0
47,-92,-9,10,14,-84,0,0
44,-96,-14,-1,11,-76,0,0
44,-96,-14,-1,11,-76,0,0
44,-92,-13,-3,11,-76,0,0
44,-92,-13,-3,12,-73,0,0
44,-89,-13,-4,12,-73,0,0
44,-89,-13,-4,15,-75,0,0
44,-89,-13,3,14,-81,0,0
45,-90,-14,3,14,-81,0,0
46,-90,-14,3,14,-84,2,4
46,-92,-11,6,12,-80,0,0
46,-92,-11,6,12,-80,2,4
46,-94,-11,6,12,-80,0,0
46,-94,-11,6,11,-80,2,4
46,-91,-10,1,15,-74,0,0
44.5,-94,-10,5,11,-80,0,0
43,-94,-10,5,11,-80,0,0
43,-94,-10,11,11,-80,15,1
43,-94,-10,11,14,-78,0,0
43,-83,-16,0,14,-78,0,0
43,-88,-11,6,15,-78,0,0
43,-91,-10,1,15,-78,0,0
41,-91,-10,1,15,-78,0,0
41,-91,-10,1,15,-78,0,0
41,-89,-10,21,15,-76,0,0
41,-89,-10,21,14,-71,0,0
41,-88,-10,11,15,-73,0,0
41,-88,-10,11,15,-70,2,4
41,-91,-9,20,14,-68,0,0
41,-91,-9,20,14,-74,2,4
45.5,-89,-11,15,15,-63,0,0
50,-83,-9,14,15,-61,0,0
50,-83,-9,14,14,-71,0,0
50,-92,-9,5,14,-71,0,0
50,-92,-9,5,14,-71,0,0
50,-94,-11,-3,15,-64,0,0
50,-94,-11,-3,15,-72,0,0
44,-90,-9,-5,14.5,-64.5,13760,174
38,-90,-9,-5,14,-62,13847,123
38,-89,-9,18,13,-65,0,0
38,-89,-9,18,14,-72,0,0
38,-92,-10,-4,14,-69,0,0
38,-92,-10,-4,15,-69,0,0
38,-91,-12,9,15,-71,0,0
38,-91,-12,9,15,-68,0,0
38,-79,-15,1,15,-63,2,4
43,-79,-15,1,13,-69,1,2
43,-84,-15,2,15,-71,2,4
43,-84,-15,2,13,-67,0,0
43,-84,-10,-1,13,-67,2,4
43,-84,-10,-1,13,-67,0,0
43,-80,-11,16,12,-64,0,0
43,-80,-11,16,12,-64,0,0
43,-88,-10,12,12,-64,0,0
43,-88,-10,12,12,-73,0,0
43,-94,-12,-5,13,-70,0,0
43,-94,-12,-5,10,-73,0,0
43,-93,-14,3,10,-73,0,0
43,-93,-14,3,15,-68,0,0
43,-83,-14,18,15,-66,0,0
43,-83,-14,18,15,-66,0,0
42,-83,-14,18,14,-62,0,0
42,-87,-12,14,14,-62,0,0
42,-87,-12,14,10,-64,0,0
42,-84,-13,-4,10,-64,0,0
42,-84,-13,-4,14,-74,0,0
42,-91,-11,7,14,-77,2,4
42,-91,-11,7,15,-72,0,0
42,-82,-11,9,15,-72,2,4
42,-82,-11,9,15,-70,0,0
40.5,-87,-10,3,15,-70,0,0
39,-87,-10,3,15,-70,16,27
39,-82,-10,17,15,-68,0,0
39,-82,-10,17,15,-65,0,0
39,-74,-11,21,15,-65,0,0
39,-74,-11,21,15,-63,0,0
39,-75,-10,7,15,-63,0,0
39,-75,-10,7,15,-63,0,0
39,-78,-11,14,15,-65,0,0
39,-78,-11,14,15,-61,0,0
39,-81,-9,16,15,-61,0,0
39,-81,-9,16,12,-63,14899,112
25.5,-77,-8,23,12,-63,2046,10
12,-77,-8,23,15,-61,0,0
12,-80,-10,3,15,-61,0,0
12,-80,-10,3,15,-61,2,4
12,-78,-9,13,15,-61,0,0
12,-78,-9,13,15,-61,2,4
12,-84,-10,10,14,-54,0,0
12,-84,-10,10,14,-54,2,4
12,-81,-10,4,14,-59,0,0
12,-81,-10,4,14,-55,0,0
12,-82,-9,27,14,-55,0,0
12,-82,-9,27,12,-52,0,0
12,-80,-12,11,12,-50,0,0
12,-80,-12,11,12,-50,0,0
12,-79,-9,16,12,-58,0,0
12,-79,-9,16,15,-61,0,0
12,-82,-15,15,14,-59,0,0
12,-82,-15,15,14,-59,0,0
12,-82,-12,14,15,-66,0,0
12,-82,-12,14,15,-59,0,0
12,-82,-9,21,15,-59,0,0
12,-82,-9,21,15,-59,0,0
12,-80,-9,24,15,-61,0,0
12,-80,-9,24,12,-59,2,4
12,-79,-11,6,12,-59,0,0
12,-79,-11,6,12,-59,2,4
12,-84,-10,16,15,-64,0,0
12,-84,-10,16,15,-61,2,4
12,-83,-14,20,15,-65,0,0
12,-83,-14,20,14,-69,0,0
12,-84,-8,17,14,-69,0,0
12,-84,-8,17,15,-64,0,0
12,-82,-9,16,15,-68,0,0
12,-82,-9,16,15,-68,0,0
12,-84,-14,27,14,-66,0,0
12,-84,-14,27,15,-69,0,0
12,-81,-8,24,15,-69,0,0
12,-81,-8,24,15,-67,0,0
12,-84,-9,24,15,-65,0,0
12,-84,-9,24,15,-65,0,0
12,-81,-9,19,15,-65,0,0
12,-81,-9,19,15,-69,6647,81
12,-85,-10,25,15,-69,6387,49
12,-85,-10,25,14,-71,0,0
12,-82,-8,25,14,-68,2,4
12,-82,-8,25,14,-68,15,27
12,-83,-8,22,14,-68,2,4
12,-83,-8,22,14,-68,0,0
12,-87,-9,-3,14,-68,0,0
12,-87,-9,-3,14,-68,0,0
9.5,-84,-9,7,14,-64,0,0
7,-84,-9,7,10,-66,0,0
7,-82,-9,18,14,-62,0,0
7,-82,-9,18,14,-68,0,0
7,-91,-10,17,15,-72,0,0
7,-91,-10,17,15,-76,0,0
7,-89,-8,22,15,-76,0,0
7,-89,-8,22,14,-72,0,0
7,-91,-9,14,9,-74,0,0
7,-91,-9,14,12,-78,0,0
7,-90,-12,5,15,-75,0,0
7,-90,-12,5,15,-75,4,2
7,-95,-8,7,15,-77,3,6
7,-95,-8,7,15,-69,0,0
25,-92,-11,18,11,-72,2,4
25,-92,-11,18,15,-75,0,0
25,-90,-9,16,15,-75,2,4
25,-90,-9,16,13,-70,0,0
25,-88,-9,23,14,-72,0,0
25,-88,-11,5,12,-70,0,0
25,-88,-11,5,12,-70,0,0
25,-89,-9,21,14,-72,0,0
25,-89,-9,21,14,-72,0,0
25,-92,-10,10,14,-70,0,0
25,-92,-10,10,14,-70,0,0
25,-94,-9,9,14,-74,0,0
25,-94,-9,9,14,-74,0,0
25,-93,-10,13,15,-70,0,0
25,-93,-10,13,15,-70,2,4
25,-89,-17,15,15,-70,0,0
22,-89,-17,15,14,-68,2,4
19,-91,-10,0,14,-68,18245,137
19,-89,-13,-3,12,-70,0,0
19,-89,-13,-3,12,-70,0,0
19,-93,-12,15,15,-74,0,0
19,-93,-12,15,12,-72,0,0
19,-95,-12,2,11,-77,0,0
19,-95,-12,2,15,-75,0,0
19,-98,-16,-2,14,-79,0,0
42,-97,-16,3,15,-82,0,0
42,-97,-16,3,13,-72,0,0
42,-96,-12,0,15,-75,0,0
42,-98,-12,1,9,-77,0,0
42,-98,-12,1,9,-77,18,32
40,-96,-17,-13,10.5,-76,0,0
38,-96,-17,-13,12,-75,2,4
38,-94,-16,-7,12,-75,0,0
38,-90,-16,2,15,-70,0,0
38,-93,-12,4,12,-74,0,0
36.5,-93,-12,4,9,-76,0,0
35,-91,-11,6,15,-72,0,0
35,-90,-11,10,14,-72,0,0
35,-90,-11,10,14,-72,0,0
35,-88,-13,3,14,-72,0,0
35,-88,-13,3,11,-67,0,0
35,-92,-10,7,13,-76,2,4
51,-92,-10,7,13,-70,1,2
51,-89,-11,4,12,-75,2,4
51,-89,-11,4,12,-75,0,0
51,-93,-15,-2,10,-77,2,4
51,-93,-15,-2,15,-79,0,0
55,-94,-14,12,14,-75,0,0
55,-91,-15,12,14,-75,0,0
55,-91,-15,12,14,-75,0,0
55,-92.5,-14,8.5,13,-81,0,0
55,-94,-13,5,11,-79,0,0
55,-94,-11,13,14,-77,0,0
55,-94,-11,13,14,-77,0,0
55,-92,-10,10,14,-75,0,0
55,-92,-10,10,14,-77,0,0
55,-93,-10,3,14,-77,2,4
50.5,-93,-10,3,13.5,-72,0,0
46,-93,-15,8,15,-70,2,4
46,-93,-15,8,14,-72,0,0
46,-91,-12,10,14,-68,2,4
46,-82,-14,10,14,-62,0,0
46,-82,-14,10,14,-62,0,0
46,-80,-11,19,14,-62,0,0
45,-77,-14,24,14,-62,0,0
45,-77,-14,24,14,-62,0,0
45,-79,-15,13,15,-60,0,0
45,-79,-15,13,15,-60,0,0
45,-79,-12,12,15,-60,0,0
45,-79,-12,12,15,-60,0,0
45,-76,-15,23,14,-64,0,26
45,-76,-15,23,12,-58,14,0
45,-83,-15,4,14,-64,0,0
45,-83,-15,4,14,-62,0,0
45,-83,-14,10,14,-62,0,0
45,-83,-14,10,14,-62,2,4
45,-81,-12,17,14,-62,0,0
45,-81,-12,17,14,-56,2,4
45,-80,-14,13,14,-56,1,2
45,-80,-14,13,14,-56,0,0
45,-80,-13,23,14,-56,0,0
45,-80,-13,23,14,-56,0,0
45,-80,-13,10,14,-56,0,0
45,-80,-13,10,14,-56,8255,128
45,-79,-10,20,14,-56,10177,123
45,-79,-10,20,12,-63,5307,68
45,-86,-13,12,14,-65,0,0
45,-86,-13,12,14,-67,0,0
45,-79,-12,10,14,-63,0,0
45,-79,-12,10,14,-63,0,0
45,-84,-15,3,14,-63,0,0
45,-84,-15,3,14,-63,0,0
45,-82,-13,8,12,-55,0,0
45,-82,-13,8,15,-59,2,4
45,-83,-10,14,15,-59,0,0
45,-83,-10,14,14,-63,2,4
45,-87,-14,7,14,-63,0,0
45,-87,-14,7,14,-63,2,4
45,-86,-11,7,14,-63,0,0
45,-86,-11,7,14,-67,0,0
45,-87,-13,9,15,-65,0,0
45,-87,-13,9,11,-67,0,0
45,-89,-13,9,11,-67,0,0
45,-89,-13,9,11,-67,0,0
45,-85,-10,10,11,-67,0,0
45,-85,-10,10,14,-62,0,0
45,-83,-13,14,14,-62,0,0
45,-83,-13,14,13,-68,0,0
45,-83,-13,-2,13,-62,0,0
45,-83,-13,-2,13,-62,0,0
45,-83,-12,15,13,-62,0,0
45,-83,-12,15,13,-62,0,0
45,-83,-12,11,13,-62,1,4
45,-83,-12,11,13,-62,0,0
45,-84,-14,11,13,-62,2,4
45,-84,-14,11,13,-62,0,0
45,-84,-12,13,13,-62,2,4
45,-84,-12,13,13,-62,0,0
45,-84,-13,11,13,-62,0,0
45,-84,-13,11,13,-62,0,0
45,-83,-10,10,13,-62,0,0
45,-83,-10,10,13,-62,0,0
45,-84,-12,10,13,-62,0,0
45,-84,-12,10,13,-62,0,0
45,-83,-10,11,13,-62,0,0
45,-83,-10,11,13,-62,0,0
45,-85,-14,-1,13,-62,15,27
45,-85,-14,-1,13,-62,1966,39
45,-84,-10,13,13,-62,12332,129
45,-84,-10,13,13,-62,2146,16
45,-84,-11,13,15,-64,0,0
45,-84,-11,13,11,-62,0,0
45,-83,-9,13,11,-62,2,4
45,-83,-9,13,11,-62,0,0
45,-84,-14,17,11,-62,2,4
45,-84,-14,17,11,-62,0,0
45,-84,-12,-3,11,-62,2,4
45,-84,-12,-3,11,-62,0,0
45,-85,-12,7,11,-62,0,0
45,-85,-12,7,11,-62,0,0
45,-84,-9,13,11,-62,0,0
45,-84,-9,13,11,-62,0,0
45,-83,-10,8,11,-62,0,0
45,-83,-10,8,11,-62,0,0
45,-83,-15,7,11,-62,0,0
45,-83,-15,7,11,-62,0,0
45,-83,-13,4,11,-62,0,0
45,-83,-13,4,11,-62,0,0
45,-83,-9,4,11,-62,0,0
45,-83,-9,4,11,-62,0,0
45,-82,-12,3,10,-65,0,0
45,-82,-12,3,12,-62,0,0
45,-82,-12,11,12,-62,0,0
45,-82,-12,11,12,-62,2,4
45,-82,-13,10,12,-62,0,0
45,-82,-13,10,12,-62,2,4
45,-82,-11,14,12,-62,0,0
45,-82,-11,14,12,-62,0,0
45,-82,-12,8,12,-62,0,0
45,-82,-12,8,12,-62,0,0
45,-82,-8,10,12,-62,0,0
45,-82,-8,10,12,-62,0,0
45,-82,-10,12,12,-62,0,0
45,-82,-10,12,12,-62,0,0
45,-81,-13,11,12,-62,0,0
45,-81,-13,11,13,-66,0,0
45,-82,-12,14,13,-66,0,0
45,-82,-12,14,12,-62,0,0
45,-82,-11,-4,12,-62,0,0
45,-82,-11,-4,12,-62,0,0
45,-82,-9,12,12,-62,1463,14
45,-82,-9,12,12,-62,19024,193
45,-82,-10,13,12,-62,7387,64
45,-82,-10,13,12,-62,2,4
45,-82,-12,6,12,-62,0,0
45,-82,-12,6,12,-62,2,4
45,-82,-10,11,12,-62,0,0
45,-82,-10,11,12,-62,0,0
45,-82,-9,11,12,-62,0,0
45,-82,-9,11,12,-62,0,0
45,-82,-12,0,12,-62,0,0
45,-82,-12,0,12,-62,0,0
45,-83,-12,14,12,-62,15,27
45,-83,-12,14,12,-62,0,0
45,-82,-14,16,12,-62,0,0
45,-82,-14,16,12,-62,0,0
45,-81,-12,15,12,-62,0,0
45,-81,-12,15,12,-62,0,0
45,-82,-12,7,12,-62,0,0
45,-82,-12,7,12,-62,0,0
45,-82,-10,10,12,-62,0,0
45,-82,-10,10,12,-62,0,0
45,-82,-9,10,12,-62,2,4
45,-82,-9,10,12,-62,0,0
45,-82,-10,12,12,-62,2,4
45,-82,-10,12,12,-62,0,0
45,-82,-10,13,12,-62,0,0
45,-82,-10,13,12,-62,0,0
45,-81,-10,14,12,-62,0,0
45,-81,-10,14,12,-62,0,0
45,-82,-13,19,12,-62,0,0
45,-82,-13,19,12,-62,0,0
45,-82,-12,14,12,-62,0,0
45,-82,-12,14,12,-62,0,0
45,-82,-12,13,12,-62,0,0
45,-82,-12,13,11,-66,0,0
45,-82,-10,7,15,-61,0,0
45,-82,-10,7,15,-61,0,0
45,-81,-9,13,15,-61,0,0
45,-81,-9,13,15,-61,0,0
45,-82,-11,5,15,-61,2,4
45,-82,-11,5,15,-61,0,0
45,-82,-11,12,15,-61,2,4
45,-82,-11,12,15,-61,0,0
45,-82,-11,15,15,-61,13058,168
45,-82,-11,15,15,-61,14709,122
45,-81,-9,13,15,-61,0,2
45,-81,-9,13,15,-61,0,0
45,-82,-12,6,15,-61,0,0
45,-82,-12,6,15,-61,0,0
45,-82,-10,10,10,-63,0,0
45,-82,-10,10,10,-63,0,0
45,-83,-12,6,10,-63,0,0
45,-83,-12,6,10,-63,11,1
45,-83,-10,3,15,-65,0,0
45,-83,-10,3,11,-63,0,0
45,-84,-12,3,11,-63,0,0
45,-84,-12,3,11,-63,0,0
45,-82,-13,6,11,-63,0,0
45,-82,-13,6,11,-63,2,4
45,-82,-11,6,11,-63,0,0
45,-82,-11,6,11,-63,2,4
45,-82,-13,6,11,-63,0,0
45,-82,-13,6,11,-63,2,4
45,-82,-13,5,11,-63,0,0
45,-82,-13,5,11,-63,0,0
45,-82,-12,3,11,-63,0,0
45,-82,-12,3,11,-63,0,0
45,-81,-11,15,11,-63,15,27
45,-81,-11,15,11,-63,0,0
45,-81,-12,8,11,-63,0,0
45,-81,-12,8,11,-63,0,0
45,-82,-15,1,11,-63,0,0
45,-82,-15,1,11,-63,0,0
45,-82,-15,5,11,-63,0,0
45,-82,-15,5,11,-63,0,0
45,-82,-15,3,11,-63,0,0
45,-82,-15,3,11,-63,0,0
45,-83,-14,3,15,-66,0,0
45,-83,-14,3,12,-63,2,4
45,-82,-14,3,12,-63,0,0
45,-82,-14,3,12,-63,2,4
45,-82,-12,4,12,-63,0,0
45,-82,-12,4,15,-65,2,4
45,-82,-11,8,15,-63,0,0
45,-82,-11,8,15,-63,0,0
45,-82,-12,5,15,-63,0,0
45,-82,-12,5,15,-63,14015,123
45,-82,-12,5,15,-63,5317,97
45,-82,-12,5,15,-63,0,0
45,-82,-12,4,15,-63,0,0
45,-82,-12,4,15,-63,0,0
45,-83,-13,8,15,-63,0,0
45,-83,-13,8,15,-63,0,0
45,-82,-11,9,15,-63,0,0
45,-82,-11,9,15,-65,0,0
45,-83,-10,10,15,-65,0,0
45,-83,-10,10,15,-65,0,0
45,-83,-11,6,15,-65,0,0
45,-83,-11,6,15,-65,2,4
45,-82,-15,6,15,-65,0,0
45,-82,-15,6,15,-65,2,4
45,-83,-14,15,15,-65,2,4
45,-83,-14,15,15,-65,0,0
45,-83,-12,13,15,-65,0,0
45,-83,-12,13,15,-65,0,0
45,-82,-9,11,15,-65,0,0
45,-82,-9,11,15,-65,0,0
45,-83,-10,10,15,-65,0,0
45,-83,-10,10,15,-65,0,0
45,-83,-10,13,15,-65,0,0
45,-83,-10,13,14,-67,0,0
45,-88,-11,8,14,-67,0,0
45,-88,-11,8,15,-62,0,0
45,-83,-12,9,14,-60,0,0
45,-83,-12,9,12,-57,0,0
45,-76,-9,15,12,-57,0,0
45,-76,-9,15,12,-57,0,0
45,-77,-13,16,12,-57,2,4
45,-77,-13,16,13,-54,0,0
45,-81,-15,12,13,-54,2,4
45,-81,-15,12,14,-57,0,0
45,-79,-9,14,15,-62,2,4
45,-79,-9,14,15,-62,0,0
45,-81,-9,11,14,-56,19,1
45,-81,-9,11,14,-56,0,0
45,-83,-12,9,14,-56,0,0
45,-83,-12,9,14,-56,0,0
45,-73,-8,16,14,-63,0,0
45,-73,-8,16,14,-59,0,0
45,-81,-10,-1,14,-52,10177,164
45,-81,-10,-1,13,-57,6012,84
45,-77,-8,18,13,-57,0,0
45,-77,-8,18,12,-67,0,0
45,-78,-11,13,15,-56,0,0
45,-78,-11,13,13,-58,0,0
45,-80,-8,13,11,-60,0,0
45,-80,-8,13,11,-60,0,0
45,-75,-14,17,11,-60,2,4
45,-75,-14,17,15,-58,0,0
45,-79,-9,19,15,-58,2,4
45,-79,-9,19,14,-62,0,0
45,-81,-11,12,14,-64,0,0
45,-81,-11,12,12,-71,0,0
45,-90,-15,2,15,-75,0,0
45,-90,-15,2,15,-75,0,0
45,-90,-10,10,15,-77,0,0
45,-90,-10,10,15,-73,0,0
45,-90,-11,10,15,-73,0,0
45,-90,-11,10,10,-76,0,0
45,-95,-10,5,10,-76,0,0
47,-91,-11,7,10,-74,0,0
53,-92,-14,6,14,-80,2,4
53,-94,-13,4,14,-80,0,0
53,-94,-13,4,15,-78,2,4
53,-91,-15,5,15,-74,0,0
53,-91,-15,5,15,-74,0,0
53,-91,-13,7,12,-76,0,0
51.5,-91,-13,7,12,-76,0,0
50,-91,-13,6,14,-76,0,0
50,-93,-12,8,15,-74,0,0
48.5,-88,-11,-1,13,-77,0,0
47,-88,-11,-1,13,-77,5344,70
47,-92,-13,-4,13,-72,4219,37
47,-92,-13,-4,12,-78,0,0
47,-94,-15,8,12,-75,0,0
47,-94,-15,8,7,-77,2,4
47,-95,-13,7,7,-77,0,0
45,-96,-13,2,15,-72,0,0
45,-98,-13,4,15,-77,0,0
47.5,-98,-13,4,10,-74,0,0
50,-98,-15,-6,7,-80,0,0
50,-98,-15,-6,7,-80,0,0
50,-99,-16,-4,7,-80,0,0
50,-99,-16,-4,14,-77,0,0
50,-96,-15,1,15,-72,0,0
50,-96,-15,1,12,-72,0,0
50,-89,-13,19,13,-66,0,0
37,-89,-13,19,13,-66,0,0
37,-87,-11,1,13,-66,2,4
37,-87,-11,1,13,-61,0,0
37,-94,-13,2,13,-58,2,4
37,-94,-13,2,14,-72,0,0
37,-89,-11,11,14,-72,0,0
37,-89,-11,11,15,-68,0,0
37,-92,-11,11,15,-72,0,0
37,-92,-11,11,14,-77,0,0
38,-92,-12,9.5,15,-73,0,0
38,-92,-13,8,13,-75,0,0
38,-93,-13,4,14,-77,0,0
38,-93,-13,4,14,-77,0,0
38,-95,-10,16,14,-77,0,0
38,-91,-11,3,14,-75,0,0
38,-91,-11,3,14,-75,0,0
38,-92,-10,17,14,-75,9509,144
38,-92,-10,17,14,-75,3218,24
38,-97,-13,3,14,-75,2,4
38,-97,-13,3,14,-75,0,0
38,-96,-10,3,14,-75,2,4
38,-96,-10,3,14,-75,0,0
38,-97,-11,3,14,-75,0,0
38,-97,-11,3,14,-75,0,0
38,-90,-11,11,13,-73,0,0
27.5,-90,-11,11,13,-73,0,0
17,-89,-9,8,13,-73,0,0
17,-89,-9,8,13,-73,0,0
17,-91,-15,6,10,-69,0,0
17,-89,-8,23,10,-77,0,0
17,-89,-8,23,10,-77,0,0
17,-85,-10,30,10,-77,0,0
17,-92,-10,0,15,-80,0,0
17,-92,-10,0,15,-80,2,4
32,-90,-12,18,15,-80,0,0
47,-90,-12,18,12,-73,2,4
47,-88,-8,24,12,-73,0,0
47,-88,-8,24,15,-70,0,0
47,-88,-10,15,14,-72,0,0
47,-88,-10,15,15,-74,0,0
47,-87,-7,11,15,-76,0,0
47,-83,-11,21,15,-73,0,0
44,-86,-7,20,15,-73,0,0
44,-86,-7,20,15,-71,0,0
44,-86,-9,7,15,-65,0,0
44,-86,-9,7,15,-75,0,0
44,-86,-8,13,15,-77,0,0
44,-86,-8,13,15,-77,0,0
45,-94,-10,20,15,-80,0,0
45,-94,-10,20,15,-80,2,4
45,-91,-9,20,15,-78,0,0
45,-91,-9,20,15,-78,2,4
45,-88,-10,21,15,-75,0,0
45,-88,-10,21,15,-75,7598,102
45,-86,-9,19,15,-75,9891,158
45,-86,-9,19,15,-75,8776,166
47,-86,-9,19,15,-75,8776,166
47,-90,-11,11,15,-75,9914,166
47,-90,-11,11,15,-75,2643,38
47,-90,-10,17,15,-77,0,0
47,-90,-10,17,15,-72,0,0
47,-90,-10,18,12,-75,0,0
47,-90,-10,18,15,-73,0,0
47,-86,-9,21,15,-73,0,0
51,-87,-9,15,13,-75,0,0
51,-90,-11,23,15,-72,0,0
51,-90,-11,23,15,-72,0,0
51,-90,-10,16,15,-75,0,0
51,-90,-10,16,15,-75,2,4
52,-90,-10,16,15,-75,2,4
52,-88,-8,23,15,-75,2,4
52,-88,-8,23,15,-73,0,0
52,-92,-9,20,15,-76,2,4
55,-97,-8,11,14,-81,0,0
55,-97,-8,11,14,-83,0,0
55,-101,-7,10,12,-86,0,0
56,-106,-9,9,13,-90,0,0
56,-106,-9,9,15,-87,15,27
56,-108,-11,13,11,-93,0,0
56,-108,-11,13,11,-93,0,0
52,-110,-11,7,15,-93,0,0
52,-112,-13,3,15,-93,0,0
52,-112,-13,3,15,-93,0,0
52,-110.5,-13.5,5,10,-91,0,0
52,-109,-14,7,15,-93,0,0
52,-110,-16,-1,15,-93,0,0
52,-110,-16,-1,7,-87,3191,72
52,-105,-14,1,7,-87,2239,47
52,-105,-14,1,6,-89,983,18
52,-106,-15,-1,6,-89,548,21
50.5,-106,-15,-1,5,-92,456,17
49,-102,-14,0,7,-87,1406,49
49,-102,-14,0,7,-87,973,18
49,-105,-15,-2,8,-85,2389,43
49,-105,-15,-2,8,-85,0,0
49,-100,-13,0,10,-83,2,4
49,-100,-13,0,10,-81,0,0
56,-99.5,-11.5,2.5,10,-81,1,2
56,-97,-10,3,11,-83,0,0
56,-97,-10,3,11,-80,0,0
56,-88,-8,1,15,-74,0,0
56,-88,-8,1,12,-76,0,0
56,-94,-10,4,12,-76,0,0
49.5,-94,-10,4,12,-76,0,0
43,-97,-11,4,11,-80,0,0
43,-97,-11,4,11,-80,0,0
43,-95,-13,5,11,-78,0,0
43,-95,-13,5,10,-80,0,0
43,-88,-12,11,13,-71,0,0
43,-88,-12,11,13,-73,0,0
43,-93,-17,1,13,-76,0,0
43,-93,-17,1,13,-76,0,0
43,-92,-15,7,13,-76,0,0
43,-92,-15,7,13,-76,2,4
43,-91,-11,8,11,-60,0,2
43,-91,-11,8,11,-60,2,4
30,-95,-8,12,14,-77,2,4
30,-95,-8,11,14,-77,0,0
30,-95,-8,11,13,-72,0,0
30,-91,-9,19,11,-70,0,0
30,-91,-9,19,10,-74,0,0
30,-93,-9,10,12,-71,11,1
30,-86,-7,17,12,-56,0,0
30,-86,-7,17,15,-60,0,0
30,-83,-7,15,12,-68,142,43
30,-83,-7,15,12,-71,15,26
30,-92,-8,10,11,-75,0,0
30,-92,-8,10,13,-79,0,0
30,-96,-8,8,14,-74,0,0
30,-96,-8,8,14,-74,0,0
30,-96,-8,4,14,-77,136,12
30,-96,-8,4,14,-74,16237,214
30,-93,-10,9,12,-72,185,2
30,-94,-8,-4,14,-77,0,0
47,-91,-7,14,14,-59,0,0
47,-91,-7,14,11,-72,0,0
47,-92,-8,3,14,-78,0,0
47,-92,-8,3,14,-78,0,0
47,-98,-15,12,14,-80,0,0
47,-98,-15,12,14,-80,0,0
47,-100,-9,2,14,-80,0,0
47,-100,-9,2,14,-80,0,0
47,-99,-9,12,10,-82,0,0
46.5,-100,-9,9,11,-89,0,0
46,-107,-9,8,10,-91,2,4
46,-107,-9,8,10,-91,0,0
46,-108,-13,-9,8,-88,2,4
46,-105,-13,7,10,-63,0,0
46,-107,-13,5,10,-63,0,0
46,-107,-14,-2,11,-90,0,0
46,-107,-14,-2,10,-93,0,0
46,-110,-11,4,10,-93,0,0
46,-110,-11,4,10,-93,0,0
46,-108,-11,3,11,-91,0,0
46,-108,-11,3,10,-88,0,0
46,-106,-9,10,11,-90,0,0
46,-106,-9,10,11,-90,0,0
46,-107,-11,10,11,-90,0,0
46,-107,-11,10,11,-90,0,0
46,-105,-11,13,11,-90,0,0
46,-105,-11,13,14,-88,0,0
46,-107,-8,9,14,-88,2,4
46,-107,-8,9,14,-88,0,0
46,-106.5,-9,12,11,-80,1,2
46,-106,-10,15,12,-90,0,0
46,-104,-13,9,14,-88,2,4
46,-104,-13,9,14,-86,0,0
46,-101,-8,11,14,-81,0,0
46,-101,-8,11,14,-78,0,0
46,-97,-10,19,13,-82,0,0
46.5,-97,-10,19,14,-79,0,0
47,-97,-7,22,14,-73,16,29
47,-95,-8,23,14,-73,0,0
47,-95,-8,23,15,-71,0,0
47,-95,-9,22,15,-71,0,0
47,-95,-9,22,15,-71,1,1
47,-94,-9,15,15,-71,0,0
52,-94,-9,15,15,-71,0,0
52,-94,-9,15,14,-73,2,1
52,-91,-8,18,14,-73,0,0
52,-91,-8,18,14,-73,2,4
52,-92,-9,-3,12,-75,0,0
52,-92,-9,-3,12,-75,2,4
52,-89,-9,24,15,-71,0,0
50.5,-88,-8,23,14,-68,0,0
49,-88,-8,23,15,-71,0,0
49,-85,-11,14,14,-69,0,0
49,-85,-11,14,14,-71,0,0
49,-89,-9,18,15,-74,0,0
49,-89,-9,18,14,-76,0,0
49,-92,-9,15,14,-76,0,0
48,-92,-9,15,14,-76,0,0
47,-92,-10,18,14,-76,0,0
47,-92,-10,18,14,-76,0,0
47,-89,-12,21,14,-76,0,0
47,-88,-9,28,15,-74,0,0
47,-88,-9,28,14,-77,0,0
47,-88,-8,20,14,-77,0,0
46,-89,-9,14,14,-77,0,0
46,-89,-9,14,15,-73,2,4
46,-88,-9,25,15,-73,0,0
46,-88,-9,25,15,-73,2,4
46,-89,-10,7,15,-73,0,0
46,-89,-10,7,15,-73,0,0
44,-90,-8,27,15,-70,0,0
44,-90,-8,27,15,-70,0,0
44,-89,-12,16,11,-76,0,0
44,-89,-12,16,11,-76,0,0
44,-88,-7,15,11,-76,0,0
44,-88,-7,15,12,-74,0,0
47,-90,-9,11,10,-79,0,0
47,-92,-11,7,10,-79,0,0
47,-94,-8,22,14,-77,2,4
47,-89,-10,13,14,-70,2,4
23,-91,-12,6,14,-74,0,0
23,-91,-12,17,11,-76,0,26
23,-91,-12,17,10,-74,0,0
23,-94,-12,9,14,-78,0,0
23,-94,-12,9,14,-78,0,0
23,-94,-12,13,14,-76,0,0
29.5,-95,-17,-2,14.5,-74.5,0,0
36,-95,-17,-2,14,-76,0,0
36,-89,-10,-2,12,-73,0,0
36,-89,-10,-2,12,-73,0,0
36,-92,-9,7,10,-70,0,0
36,-91,-14,2,10,-70,2,4
36,-91,-14,2,10,-70,0,0
36,-93,-13,-4,10,-70,0,0
36,-93,-13,-4,11,-73,0,0
36,-94,-10,-2,10,-70,0,0
36,-91,-12,-2,9,-74,0,0
36,-91,-12,-2,9,-72,0,0
31,-88,-13,16,12,-69,0,0
26,-88,-13,16,12,-69,0,0
26,-89,-9,15,14,-72,2,4
26,-94,-14,11,14,-72,0,0
26,-94,-14,11,14,-77,2,4
26,-97,-13,-2,13,-77,2,4
26,-98,-10,8,13,-77,0,0
26,-98,-10,8,13,-77,0,0
26,-96,-11,6,13,-77,0,0
26,-97,-10,7,10,-79,0,0
26,-97,-10,7,10,-79,0,0
39,-97,-10,7,12,-76,0,0
39,-97,-11,13,12,-76,0,0
39,-97,-11,13,14,-78,0,0
39,-89,-10,2,15,-75,0,0
39,-89,-10,2,14,-73,0,0
39,-94,-13,7,10,-77,0,0
39,-94,-13,7,10,-77,0,0
39,-97,-11,-8,15,-79,0,0
39,-97,-11,-8,15,-79,0,0
39.5,-97,-15,-6,11,-76,0,0
40,-97,-15,-6,11,-76,2,4
40,-94,-12,1,11,-76,0,0
40,-94,-12,1,11,-76,2,4
40,-95,-11,7,13,-78,0,0
40,-95,-11,7,13,-78,67,40
40,-96,-14,-3,13,-76,51,41
40,-96,-14,-3,11,-67,0,0
40,-93,-11,1,13,-74,0,0
39.5,-93,-11,1,13,-74,0,0
39,-92,-13,3,13,-74,0,0
39,-92,-13,3,13,-74,0,0
39,-90,-9,5,10,-72,0,0
39,-90,-9,5,10,-72,0,0
39,-82,-10,-5,10,-72,0,0
39,-82,-10,-5,14,-67,0,0
39,-93,-10,0,14,-69,0,0
39,-93,-10,0,14,-72,0,0
39,-93,-12,4,15,-76,2,4
39,-93,-12,4,15,-76,0,0
34,-94,-15,-3,15,-76,2,4
29,-94,-15,-3,15,-76,0,0
29,-92,-13,1,14,-74,2,4
29,-92,-13,1,14,-74,0,0
29,-89,-11,6,14,-74,0,0
29,-89,-10,9,12,-72,0,0
29,-89,-8,16,14,-70,0,0
29,-89,-8,16,14,-72,0,0
29,-90,-8,2,9,-78,0,0
29,-90,-8,2,9,-78,0,0
32.5,-96,-11,6,9,-78,0,0
36,-96,-11,6,14,-76,0,0
36,-90,-9,3,15,-74,0,0
36,-95,-9,3,14,-78,0,0
36,-88,-10,15,14,-74,2,4
36,-86,-8,11,15,-66,2,4
36,-86,-8,11,12,-69,0,0
34.5,-85,-10,16,14,-71,1,0
33,-85,-10,16,14,-68,0,0
33,-88,-9,15,14,-71,0,0
33,-88,-9,15,14,-71,0,0
33,-85,-10,3,10,-69,0,0
33,-85,-10,3,10,-69,0,0
33,-84,-11,9,14,-66,0,0
33,-84,-11,9,12,-62,0,0
33,-80,-8,20,12,-62,0,0
33,-80,-8,20,14,-66,0,0
33,-83,-12,14,14,-66,0,0
33,-83,-12,14,14,-66,0,0
36,-83,-12,14,14,-66,0,0
36,-80,-9,18,14,-66,0,0
36,-80,-9,18,14,-66,0,0
36,-82,-9,20,14,-66,0,0
36,-82,-9,20,15,-68,2,4
36,-81,-10,27,15,-69,0,0
36,-81,-10,27,15,-67,2,4
36,-81,-8,19,15,-67,15,26
36,-81,-8,19,15,-67,2,4
36,-79,-14,8,14,-64,0,0
36,-79,-14,8,15,-61,0,0
36,-77,-14,26,15,-64,0,0
36,-77,-14,26,14,-66,0,0
36,-80,-10,18,14,-63,0,0
36,-80,-10,18,14,-65,0,0
36,-83,-10,19,14,-65,0,0
36,-83,-10,19,14,-67,0,0
33,-78,-9,18,14,-64,0,0
30,-78,-9,18,14,-65,0,0
30,-83,-9,17,15,-67,0,0
30,-83,-9,17,14,-69,0,0
30,-88,-11,13,14,-69,0,0
30,-88,-11,13,14,-73,0,0
30,-84,-10,15,14,-68,0,0
30,-84,-10,15,14,-71,2,4
30,-78,-9,11,14,-64,0,0
30,-78,-9,11,11,-68,2,4
30,-81,-8,19,10,-72,0,0
30,-81,-8,19,14,-70,2,4
30,-89,-10,10,15,-72,0,0
30,-89,-10,10,12,-74,0,0
30,-94,-7,18,14,-77,9861,805
30,-94,-7,18,14,-73,29479,922
30,-93,-9,11,15,-76,20645,604
30,-93,-9,11,14,-80,11,12
30,-91,-8,22,14,-77,0,0
30,-91,-8,22,14,-80,0,0
30,-94,-8,11,12,-83,0,0
